 5 1051 
 7 492 
 7 750 
 8 231 
 11 819 
 13 488 
 15 361 
 15 380 
 15 1410 
 16 531 
 16 719 
 16 925 
 16 1807 
 17 703 
 17 795 
 17 894 
 17 895 
 17 898 
 17 1599 
 17 1654 
 17 1909 
 18 59 
 18 702 
 19 39 
 19 830 
 19 1522 
 19 1523 
 19 1524 
 20 160 
 20 380 
 20 483 
 20 484 
 20 488 
 20 677 
 20 713 
 20 730 
 20 765 
 20 1010 
 20 1630 
 21 1010 
 22 184 
 22 733 
 22 1522 
 22 1523 
 22 1524 
 23 125 
 23 126 
 23 128 
 23 130 
 24 115 
 24 116 
 24 118 
 26 75 
 26 150 
 26 228 
 26 232 
 26 329 
 26 804 
 26 1216 
 26 1330 
 26 1331 
 26 1336 
 26 1339 
 26 1340 
 28 184 
 29 1043 
 29 1044 
 29 1046 
 29 1522 
 29 1524 
 30 242 
 30 244 
 30 250 
 33 185 
 33 830 
 33 925 
 34 128 
 35 81 
 35 182 
 35 185 
 35 602 
 35 830 
 35 1075 
 35 1108 
 35 1113 
 35 1121 
 35 1123 
 35 1779 
 36 830 
 37 285 
 37 689 
 37 751 
 37 804 
 37 1243 
 37 1360 
 38 39 
 38 225 
 38 231 
 38 238 
 39 581 
 39 1399 
 39 1400 
 39 1401 
 41 399 
 41 1243 
 41 1534 
 41 1879 
 42 39 
 42 115 
 42 220 
 42 718 
 42 738 
 42 739 
 42 740 
 42 830 
 42 1522 
 42 1524 
 43 734 
 43 735 
 43 737 
 46 244 
 46 693 
 48 702 
 48 751 
 48 1154 
 48 1429 
 48 1522 
 48 1523 
 48 1807 
 52 363 
 52 1368 
 53 740 
 53 1522 
 53 1523 
 53 1524 
 54 1112 
 54 1360 
 54 1779 
 55 580 
 57 677 
 57 719 
 57 1736 
 58 39 
 58 115 
 58 116 
 58 118 
 58 122 
 58 225 
 58 231 
 58 238 
 58 303 
 58 718 
 58 738 
 58 739 
 58 740 
 58 744 
 58 830 
 58 1522 
 58 1523 
 59 115 
 59 116 
 59 118 
 59 122 
 59 219 
 59 220 
 59 225 
 59 231 
 59 238 
 59 242 
 59 244 
 59 301 
 59 302 
 59 303 
 59 304 
 59 305 
 59 718 
 59 733 
 59 734 
 59 735 
 59 736 
 59 738 
 59 739 
 59 740 
 59 743 
 59 744 
 59 830 
 59 1524 
 59 1589 
 60 39 
 60 115 
 60 116 
 60 118 
 60 225 
 60 231 
 60 238 
 60 301 
 60 302 
 60 303 
 60 380 
 60 677 
 60 718 
 60 733 
 60 734 
 60 735 
 60 736 
 60 737 
 60 738 
 60 739 
 60 740 
 60 744 
 61 219 
 61 220 
 61 225 
 61 231 
 61 238 
 61 301 
 61 302 
 61 303 
 61 304 
 61 305 
 61 733 
 61 734 
 61 735 
 61 738 
 61 739 
 61 740 
 63 76 
 63 115 
 63 118 
 63 182 
 63 185 
 63 225 
 63 231 
 63 238 
 63 301 
 63 302 
 63 303 
 63 361 
 63 363 
 63 366 
 63 639 
 63 703 
 63 738 
 63 739 
 63 744 
 63 1043 
 63 1044 
 63 1046 
 63 1360 
 63 1522 
 63 1523 
 63 1524 
 63 1879 
 64 115 
 64 116 
 64 118 
 64 156 
 64 182 
 64 185 
 64 225 
 64 231 
 64 242 
 64 244 
 64 250 
 64 266 
 64 301 
 64 302 
 64 303 
 64 304 
 64 580 
 64 639 
 64 693 
 64 718 
 64 730 
 64 738 
 64 739 
 64 740 
 64 744 
 64 786 
 64 822 
 64 830 
 64 846 
 64 862 
 64 1043 
 64 1044 
 64 1046 
 64 1154 
 64 1252 
 64 1522 
 64 1523 
 64 1524 
 64 1583 
 64 1673 
 64 1914 
 65 1667 
 65 1668 
 65 1669 
 65 1670 
 66 1511 
 67 242 
 67 244 
 67 250 
 67 1029 
 68 289 
 68 380 
 68 609 
 68 1291 
 68 1840 
 69 225 
 69 231 
 69 238 
 69 302 
 69 303 
 69 304 
 69 733 
 69 735 
 69 739 
 69 830 
 70 1673 
 70 1674 
 71 1667 
 71 1668 
 71 1669 
 71 1670 
 72 301 
 72 489 
 72 703 
 72 804 
 72 830 
 72 1532 
 72 1620 
 73 182 
 73 185 
 74 830 
 74 1534 
 76 39 
 76 118 
 76 122 
 76 225 
 76 231 
 76 238 
 76 301 
 76 302 
 76 303 
 76 718 
 76 738 
 76 739 
 76 740 
 76 744 
 76 830 
 76 1522 
 76 1523 
 76 1532 
 77 498 
 77 589 
 78 115 
 78 116 
 78 225 
 78 738 
 78 740 
 78 744 
 78 1029 
 78 1522 
 78 1523 
 78 1524 
 80 115 
 80 116 
 80 225 
 80 302 
 80 718 
 80 733 
 80 734 
 80 735 
 80 738 
 80 740 
 80 744 
 80 830 
 80 955 
 80 1029 
 80 1522 
 80 1523 
 80 1524 
 83 460 
 83 1529 
 83 1639 
 84 804 
 85 1043 
 85 1044 
 85 1046 
 87 231 
 87 738 
 87 739 
 87 740 
 88 804 
 90 1212 
 90 1399 
 90 1400 
 90 1401 
 90 1448 
 90 1449 
 90 1450 
 91 830 
 93 686 
 94 733 
 94 734 
 94 735 
 95 1667 
 95 1668 
 96 28 
 96 70 
 96 99 
 96 102 
 96 105 
 96 108 
 96 203 
 96 211 
 96 212 
 96 270 
 96 293 
 96 323 
 96 340 
 96 341 
 96 343 
 96 345 
 96 346 
 96 350 
 96 351 
 96 354 
 96 355 
 96 356 
 96 431 
 96 442 
 96 447 
 96 448 
 96 449 
 96 480 
 96 487 
 96 492 
 96 555 
 96 564 
 96 608 
 96 612 
 96 685 
 96 801 
 96 851 
 96 854 
 96 867 
 96 876 
 96 887 
 96 888 
 96 905 
 96 913 
 96 915 
 96 1060 
 96 1091 
 96 1138 
 96 1156 
 96 1167 
 96 1270 
 96 1282 
 96 1293 
 96 1295 
 96 1299 
 96 1300 
 96 1305 
 96 1417 
 96 1491 
 96 1548 
 96 1570 
 96 1636 
 96 1665 
 96 1699 
 96 1706 
 96 1723 
 96 1724 
 96 1725 
 96 1751 
 96 1763 
 96 1767 
 96 1793 
 96 1821 
 96 1858 
 96 1859 
 96 1879 
 96 1881 
 96 1901 
 97 1046 
 98 225 
 98 231 
 98 238 
 98 301 
 98 302 
 98 303 
 98 399 
 98 733 
 98 734 
 98 735 
 98 738 
 98 739 
 98 740 
 98 744 
 98 898 
 98 1243 
 99 39 
 99 114 
 99 115 
 99 116 
 99 118 
 99 122 
 99 220 
 99 225 
 99 231 
 99 238 
 99 301 
 99 302 
 99 303 
 99 305 
 99 718 
 99 733 
 99 738 
 99 739 
 99 740 
 99 744 
 99 830 
 99 1405 
 99 1417 
 99 1469 
 99 1473 
 99 1522 
 99 1523 
 99 1524 
 100 1043 
 100 1044 
 100 1046 
 101 59 
 101 112 
 101 443 
 101 484 
 101 785 
 101 804 
 101 1360 
 101 1361 
 101 1776 
 101 1868 
 101 1871 
 103 830 
 103 1043 
 103 1044 
 103 1046 
 103 1154 
 104 115 
 104 116 
 104 118 
 104 122 
 104 219 
 104 220 
 104 225 
 104 231 
 104 238 
 104 301 
 104 302 
 104 303 
 104 304 
 104 305 
 104 498 
 104 549 
 104 718 
 104 733 
 104 734 
 104 738 
 104 739 
 104 740 
 104 741 
 104 744 
 104 830 
 104 1524 
 105 242 
 105 244 
 108 738 
 108 1677 
 109 1010 
 109 1522 
 109 1523 
 109 1524 
 109 1573 
 109 1576 
 110 219 
 110 220 
 113 225 
 113 231 
 113 301 
 113 302 
 113 303 
 113 380 
 113 733 
 113 736 
 113 737 
 113 738 
 113 739 
 113 740 
 113 744 
 115 182 
 115 185 
 115 581 
 115 751 
 115 830 
 116 1018 
 116 1063 
 117 39 
 117 114 
 117 115 
 117 116 
 117 118 
 117 122 
 117 219 
 117 220 
 117 225 
 117 231 
 117 238 
 117 301 
 117 302 
 117 303 
 117 304 
 117 305 
 117 703 
 117 718 
 117 733 
 117 734 
 117 736 
 117 738 
 117 739 
 117 740 
 117 741 
 117 743 
 117 744 
 117 830 
 117 1405 
 117 1522 
 117 1524 
 120 639 
 120 804 
 120 1524 
 121 219 
 121 220 
 121 225 
 121 231 
 121 238 
 121 242 
 121 244 
 121 250 
 121 301 
 121 302 
 121 303 
 121 531 
 121 677 
 121 693 
 121 719 
 121 898 
 121 1495 
 121 1523 
 122 220 
 122 225 
 122 231 
 122 238 
 122 301 
 122 302 
 122 303 
 122 718 
 122 733 
 122 738 
 122 740 
 122 741 
 122 1522 
 124 242 
 124 244 
 124 250 
 125 1353 
 125 1354 
 126 39 
 126 115 
 126 116 
 126 118 
 126 122 
 127 739 
 127 830 
 127 1010 
 127 1469 
 127 1473 
 129 219 
 129 220 
 129 225 
 129 238 
 129 744 
 129 839 
 129 1523 
 129 1673 
 129 1674 
 131 209 
 131 211 
 131 212 
 131 232 
 131 677 
 131 693 
 131 751 
 131 816 
 131 1736 
 132 115 
 132 116 
 132 118 
 132 122 
 133 219 
 133 220 
 133 244 
 133 301 
 134 225 
 134 302 
 134 303 
 134 304 
 134 830 
 134 1667 
 134 1668 
 134 1670 
 135 925 
 135 1397 
 136 167 
 136 926 
 136 1010 
 136 1673 
 136 1675 
 136 1677 
 136 1807 
 136 1914 
 137 804 
 138 39 
 138 143 
 138 144 
 138 235 
 138 639 
 138 761 
 138 804 
 138 850 
 138 926 
 138 1153 
 138 1429 
 138 1532 
 138 1533 
 139 115 
 139 219 
 139 225 
 139 231 
 139 238 
 139 1522 
 139 1523 
 140 18 
 140 20 
 140 24 
 140 28 
 140 29 
 140 52 
 140 69 
 140 99 
 140 102 
 140 103 
 140 203 
 140 204 
 140 208 
 140 209 
 140 326 
 140 340 
 140 341 
 140 342 
 140 343 
 140 344 
 140 345 
 140 346 
 140 347 
 140 348 
 140 350 
 140 351 
 140 352 
 140 424 
 140 426 
 140 427 
 140 428 
 140 431 
 140 442 
 140 446 
 140 447 
 140 449 
 140 487 
 140 492 
 140 496 
 140 555 
 140 564 
 140 574 
 140 608 
 140 612 
 140 630 
 140 651 
 140 685 
 140 733 
 140 738 
 140 739 
 140 740 
 140 743 
 140 744 
 140 799 
 140 801 
 140 804 
 140 817 
 140 851 
 140 854 
 140 867 
 140 876 
 140 877 
 140 888 
 140 961 
 140 1032 
 140 1033 
 140 1034 
 140 1035 
 140 1060 
 140 1086 
 140 1107 
 140 1124 
 140 1126 
 140 1138 
 140 1141 
 140 1150 
 140 1270 
 140 1291 
 140 1292 
 140 1298 
 140 1299 
 140 1301 
 140 1305 
 140 1365 
 140 1396 
 140 1417 
 140 1443 
 140 1463 
 140 1491 
 140 1548 
 140 1553 
 140 1554 
 140 1555 
 140 1568 
 140 1570 
 140 1572 
 140 1585 
 140 1593 
 140 1598 
 140 1606 
 140 1629 
 140 1678 
 140 1706 
 140 1721 
 140 1750 
 140 1763 
 140 1767 
 140 1786 
 140 1793 
 140 1823 
 140 1847 
 140 1852 
 140 1866 
 140 1881 
 140 1901 
 141 414 
 141 929 
 141 1668 
 141 1883 
 142 185 
 142 1654 
 142 1673 
 142 1807 
 143 500 
 143 501 
 143 502 
 143 503 
 144 459 
 144 500 
 144 501 
 144 502 
 144 504 
 144 1350 
 145 115 
 145 116 
 145 118 
 145 122 
 145 219 
 145 220 
 145 225 
 145 231 
 145 238 
 145 301 
 145 302 
 145 303 
 145 304 
 145 305 
 145 718 
 145 733 
 145 734 
 145 735 
 145 736 
 145 738 
 145 740 
 145 741 
 145 743 
 145 744 
 145 830 
 145 1405 
 146 39 
 146 302 
 146 303 
 146 304 
 146 733 
 146 738 
 147 115 
 147 116 
 147 118 
 147 122 
 147 128 
 148 895 
 148 1209 
 148 1210 
 148 1212 
 148 1401 
 148 1668 
 148 1777 
 149 225 
 149 231 
 149 238 
 149 302 
 149 303 
 149 304 
 149 733 
 149 734 
 149 735 
 150 932 
 151 294 
 151 498 
 151 1369 
 151 1509 
 151 1817 
 152 39 
 152 115 
 152 116 
 152 118 
 152 122 
 152 225 
 152 231 
 152 238 
 152 301 
 152 302 
 152 303 
 152 549 
 152 693 
 152 718 
 152 738 
 152 739 
 152 740 
 152 744 
 152 830 
 152 1311 
 152 1522 
 152 1524 
 153 361 
 153 363 
 153 639 
 153 804 
 153 926 
 153 1153 
 154 225 
 154 231 
 154 238 
 154 1522 
 154 1523 
 154 1524 
 155 115 
 155 116 
 155 118 
 155 122 
 155 718 
 155 738 
 155 740 
 156 500 
 156 501 
 156 502 
 157 508 
 157 515 
 158 39 
 158 115 
 158 116 
 158 118 
 158 122 
 158 225 
 158 231 
 158 238 
 158 301 
 158 302 
 158 303 
 158 304 
 158 496 
 158 718 
 158 733 
 158 738 
 158 739 
 158 740 
 158 744 
 158 830 
 158 1522 
 158 1523 
 158 1524 
 159 115 
 159 116 
 159 118 
 159 122 
 159 225 
 159 231 
 159 238 
 159 301 
 159 302 
 159 303 
 159 718 
 159 733 
 159 735 
 159 738 
 159 739 
 159 740 
 159 744 
 159 830 
 159 1405 
 159 1522 
 159 1524 
 161 285 
 161 1360 
 162 804 
 163 115 
 163 284 
 163 354 
 163 361 
 163 496 
 163 580 
 163 719 
 163 730 
 163 751 
 163 804 
 163 898 
 163 929 
 163 1154 
 163 1210 
 163 1448 
 163 1454 
 163 1568 
 163 1605 
 163 1620 
 163 1914 
 164 122 
 164 225 
 164 231 
 164 238 
 164 301 
 164 302 
 164 303 
 164 304 
 164 718 
 164 738 
 164 739 
 164 740 
 164 830 
 165 830 
 165 1044 
 165 1046 
 166 718 
 166 739 
 166 830 
 166 862 
 166 1230 
 166 1807 
 166 1914 
 167 295 
 167 1280 
 167 1868 
 167 1871 
 168 219 
 168 220 
 168 225 
 168 231 
 168 238 
 168 304 
 168 733 
 168 735 
 168 738 
 168 739 
 168 830 
 168 928 
 168 932 
 168 1243 
 168 1532 
 169 115 
 169 116 
 169 118 
 169 122 
 169 220 
 169 225 
 169 302 
 169 303 
 169 718 
 169 733 
 169 738 
 169 740 
 169 744 
 169 830 
 169 1243 
 169 1311 
 169 1522 
 169 1523 
 169 1524 
 169 1534 
 171 894 
 171 1522 
 173 386 
 173 1360 
 173 1361 
 174 1155 
 175 116 
 175 823 
 175 830 
 175 839 
 175 862 
 175 1154 
 175 1397 
 175 1473 
 175 1534 
 175 1605 
 176 1360 
 177 167 
 177 581 
 177 582 
 177 606 
 177 1704 
 177 1861 
 178 76 
 178 115 
 178 118 
 178 203 
 178 225 
 178 238 
 178 244 
 178 250 
 178 303 
 178 323 
 178 496 
 178 605 
 178 739 
 178 1043 
 178 1522 
 178 1523 
 179 39 
 179 114 
 179 115 
 179 116 
 179 118 
 179 122 
 179 220 
 179 225 
 179 231 
 179 540 
 179 718 
 179 738 
 179 739 
 179 740 
 179 744 
 179 830 
 179 925 
 179 1522 
 179 1523 
 179 1524 
 179 1673 
 181 115 
 181 116 
 181 225 
 181 718 
 181 733 
 181 734 
 181 735 
 181 736 
 181 737 
 181 738 
 181 739 
 181 740 
 181 744 
 181 830 
 181 1029 
 181 1473 
 181 1522 
 181 1523 
 181 1524 
 182 39 
 182 114 
 182 115 
 182 116 
 182 118 
 182 122 
 182 219 
 182 220 
 182 225 
 182 231 
 182 238 
 182 301 
 182 302 
 182 303 
 182 304 
 182 305 
 182 496 
 182 549 
 182 703 
 182 718 
 182 733 
 182 734 
 182 735 
 182 736 
 182 738 
 182 739 
 182 740 
 182 741 
 182 743 
 182 744 
 182 830 
 182 1043 
 182 1044 
 182 1046 
 182 1154 
 182 1311 
 182 1405 
 182 1522 
 182 1523 
 182 1524 
 182 1532 
 182 1705 
 183 1243 
 183 1534 
 185 39 
 185 66 
 185 185 
 185 225 
 185 231 
 185 238 
 185 301 
 185 302 
 185 303 
 185 361 
 185 363 
 185 380 
 185 496 
 185 540 
 185 677 
 185 703 
 185 738 
 185 739 
 185 740 
 185 744 
 185 925 
 185 1043 
 185 1044 
 185 1046 
 185 1183 
 185 1184 
 185 1522 
 185 1523 
 185 1524 
 186 203 
 186 231 
 186 1360 
 186 1361 
 186 1522 
 186 1523 
 186 1524 
 186 1668 
 186 1669 
 186 1670 
 187 219 
 187 220 
 187 225 
 187 231 
 187 238 
 188 59 
 188 584 
 188 602 
 188 713 
 189 167 
 191 242 
 191 244 
 191 250 
 191 830 
 192 39 
 192 302 
 192 303 
 192 380 
 192 733 
 192 738 
 192 739 
 192 740 
 192 830 
 192 1243 
 193 498 
 193 1509 
 193 1817 
 194 1280 
 194 1868 
 194 1871 
 195 370 
 195 1607 
 195 1684 
 196 115 
 196 116 
 196 118 
 196 122 
 196 242 
 196 244 
 196 830 
 196 1473 
 198 744 
 198 804 
 198 1799 
 199 443 
 199 785 
 199 1360 
 199 1361 
 200 39 
 200 66 
 200 115 
 200 122 
 200 219 
 200 220 
 200 225 
 200 231 
 200 238 
 200 244 
 200 301 
 200 302 
 200 303 
 200 304 
 200 305 
 200 718 
 200 733 
 200 734 
 200 735 
 200 736 
 200 737 
 200 738 
 200 739 
 200 740 
 200 743 
 200 744 
 200 830 
 200 1046 
 200 1154 
 200 1522 
 200 1524 
 200 1589 
 201 301 
 201 302 
 201 738 
 201 830 
 204 39 
 204 637 
 204 1524 
 206 242 
 207 1399 
 207 1400 
 207 1401 
 207 1448 
 207 1449 
 207 1450 
 208 1668 
 208 1669 
 208 1670 
 210 52 
 210 69 
 210 70 
 210 99 
 210 117 
 210 149 
 210 161 
 210 208 
 210 211 
 210 212 
 210 270 
 210 293 
 210 323 
 210 341 
 210 343 
 210 344 
 210 345 
 210 346 
 210 350 
 210 351 
 210 354 
 210 355 
 210 356 
 210 428 
 210 431 
 210 434 
 210 442 
 210 446 
 210 447 
 210 448 
 210 449 
 210 482 
 210 487 
 210 492 
 210 529 
 210 548 
 210 555 
 210 564 
 210 608 
 210 612 
 210 641 
 210 685 
 210 816 
 210 817 
 210 851 
 210 854 
 210 867 
 210 887 
 210 888 
 210 913 
 210 915 
 210 946 
 210 1060 
 210 1086 
 210 1124 
 210 1126 
 210 1193 
 210 1254 
 210 1270 
 210 1279 
 210 1293 
 210 1299 
 210 1300 
 210 1305 
 210 1308 
 210 1417 
 210 1491 
 210 1548 
 210 1568 
 210 1570 
 210 1572 
 210 1581 
 210 1606 
 210 1629 
 210 1636 
 210 1638 
 210 1641 
 210 1665 
 210 1678 
 210 1699 
 210 1706 
 210 1723 
 210 1752 
 210 1763 
 210 1767 
 210 1786 
 210 1793 
 210 1821 
 210 1852 
 210 1858 
 210 1859 
 210 1901 
 211 380 
 211 1360 
 211 1361 
 213 707 
 213 744 
 214 115 
 214 116 
 214 118 
 214 122 
 214 225 
 214 231 
 214 238 
 214 301 
 214 302 
 214 303 
 214 580 
 214 718 
 214 733 
 214 738 
 214 739 
 214 740 
 214 744 
 214 830 
 214 1417 
 214 1522 
 214 1523 
 214 1524 
 216 115 
 216 116 
 216 118 
 216 122 
 216 225 
 216 231 
 216 238 
 216 301 
 216 302 
 216 303 
 216 304 
 216 718 
 216 733 
 216 738 
 216 739 
 216 740 
 216 744 
 216 830 
 216 1405 
 216 1522 
 216 1523 
 216 1524 
 216 1573 
 216 1576 
 217 925 
 217 1397 
 220 76 
 220 160 
 220 203 
 220 218 
 220 323 
 220 1243 
 220 1291 
 220 1292 
 220 1348 
 220 1534 
 220 1807 
 221 925 
 222 1360 
 222 1361 
 222 1871 
 223 78 
 223 1007 
 224 318 
 224 320 
 224 1807 
 226 285 
 226 460 
 226 466 
 226 751 
 226 1212 
 226 1529 
 226 1639 
 227 39 
 227 115 
 227 118 
 227 122 
 227 225 
 227 231 
 227 238 
 227 302 
 227 303 
 227 718 
 227 738 
 227 739 
 227 830 
 227 1046 
 227 1405 
 227 1522 
 227 1523 
 227 1524 
 229 39 
 229 242 
 229 244 
 229 250 
 229 719 
 229 733 
 229 734 
 229 735 
 229 738 
 229 739 
 229 740 
 229 744 
 229 830 
 229 1473 
 229 1524 
 229 1526 
 231 1360 
 231 1361 
 232 219 
 232 220 
 232 225 
 232 231 
 232 238 
 232 733 
 232 1522 
 232 1532 
 233 39 
 233 718 
 233 1522 
 233 1523 
 233 1524 
 234 739 
 234 1361 
 234 1522 
 234 1668 
 234 1669 
 234 1670 
 236 370 
 236 386 
 236 693 
 236 785 
 236 786 
 236 1343 
 236 1360 
 236 1361 
 236 1630 
 236 1776 
 236 1868 
 238 219 
 238 220 
 238 225 
 238 231 
 238 238 
 238 242 
 238 244 
 238 301 
 238 302 
 238 303 
 238 304 
 238 305 
 238 718 
 238 733 
 238 734 
 238 735 
 238 738 
 238 739 
 238 740 
 238 744 
 238 1405 
 239 219 
 239 220 
 239 225 
 239 238 
 239 244 
 239 739 
 239 740 
 239 830 
 239 928 
 239 1523 
 239 1524 
 240 185 
 240 890 
 240 894 
 240 1180 
 240 1186 
 240 1282 
 240 1475 
 241 39 
 241 231 
 241 242 
 241 244 
 241 250 
 241 739 
 241 1522 
 241 1523 
 244 39 
 244 225 
 244 231 
 244 238 
 244 301 
 244 302 
 244 303 
 244 702 
 244 733 
 244 738 
 244 739 
 244 740 
 244 741 
 244 742 
 244 830 
 244 1524 
 245 443 
 245 581 
 246 619 
 246 620 
 246 622 
 247 830 
 247 1311 
 248 1043 
 248 1044 
 248 1046 
 249 242 
 249 244 
 249 250 
 250 693 
 250 709 
 250 830 
 252 69 
 252 204 
 252 218 
 252 323 
 252 345 
 252 431 
 252 447 
 252 487 
 252 492 
 252 496 
 252 555 
 252 738 
 252 801 
 252 820 
 252 854 
 252 867 
 252 888 
 252 1035 
 252 1086 
 252 1124 
 252 1126 
 252 1141 
 252 1154 
 252 1243 
 252 1297 
 252 1299 
 252 1300 
 252 1365 
 252 1396 
 252 1491 
 252 1524 
 252 1534 
 252 1554 
 252 1581 
 252 1638 
 252 1667 
 252 1668 
 252 1669 
 252 1670 
 252 1678 
 252 1699 
 252 1859 
 252 1879 
 252 1904 
 253 301 
 253 830 
 253 1154 
 253 1673 
 254 39 
 254 115 
 254 116 
 254 118 
 254 225 
 254 231 
 254 238 
 254 301 
 254 302 
 254 303 
 254 304 
 254 305 
 254 496 
 254 718 
 254 733 
 254 738 
 254 739 
 254 740 
 254 744 
 254 830 
 254 839 
 254 1043 
 254 1044 
 254 1046 
 254 1154 
 254 1522 
 254 1523 
 254 1524 
 257 747 
 258 414 
 259 1446 
 259 1447 
 260 219 
 260 220 
 260 225 
 260 231 
 260 238 
 260 1522 
 261 39 
 261 115 
 261 116 
 261 118 
 261 122 
 261 225 
 261 231 
 261 238 
 261 250 
 261 301 
 261 302 
 261 303 
 261 304 
 261 323 
 261 496 
 261 581 
 261 718 
 261 738 
 261 739 
 261 740 
 261 744 
 261 830 
 261 1043 
 261 1044 
 261 1046 
 261 1154 
 261 1405 
 261 1522 
 261 1523 
 261 1524 
 261 1560 
 261 1583 
 263 59 
 263 702 
 263 751 
 263 1154 
 264 285 
 264 460 
 264 1529 
 264 1639 
 265 492 
 265 851 
 266 830 
 268 39 
 268 66 
 268 1043 
 268 1044 
 268 1046 
 270 361 
 270 363 
 270 722 
 270 739 
 270 804 
 270 1524 
 270 1879 
 271 39 
 271 220 
 271 225 
 271 231 
 271 238 
 271 301 
 271 302 
 271 303 
 271 304 
 271 718 
 271 733 
 271 735 
 271 738 
 271 739 
 271 740 
 271 830 
 271 1522 
 271 1523 
 271 1524 
 273 225 
 273 231 
 273 303 
 273 400 
 273 738 
 273 739 
 273 740 
 273 822 
 273 830 
 273 942 
 273 1154 
 273 1524 
 273 1532 
 273 1673 
 275 220 
 275 225 
 275 231 
 275 238 
 275 242 
 275 244 
 275 250 
 275 255 
 275 301 
 275 677 
 275 693 
 275 719 
 275 898 
 275 1522 
 276 733 
 276 734 
 276 735 
 276 736 
 276 737 
 276 738 
 276 740 
 276 741 
 276 743 
 276 744 
 276 1243 
 277 115 
 277 116 
 277 118 
 277 122 
 277 301 
 278 1583 
 278 1584 
 279 751 
 279 925 
 279 1397 
 280 39 
 280 66 
 280 115 
 280 116 
 280 118 
 280 122 
 280 185 
 280 225 
 280 231 
 280 242 
 280 250 
 280 284 
 280 301 
 280 302 
 280 303 
 280 304 
 280 323 
 280 354 
 280 361 
 280 363 
 280 364 
 280 496 
 280 738 
 280 739 
 280 740 
 280 744 
 280 830 
 280 867 
 280 1043 
 280 1044 
 280 1046 
 280 1153 
 280 1154 
 280 1360 
 280 1522 
 280 1523 
 280 1524 
 280 1583 
 281 39 
 281 115 
 281 116 
 281 118 
 281 122 
 281 219 
 281 220 
 281 225 
 281 231 
 281 238 
 281 301 
 281 302 
 281 303 
 281 304 
 281 305 
 281 323 
 281 496 
 281 718 
 281 733 
 281 734 
 281 735 
 281 736 
 281 738 
 281 739 
 281 740 
 281 743 
 281 744 
 281 830 
 281 1044 
 281 1167 
 281 1291 
 281 1405 
 281 1473 
 281 1522 
 281 1523 
 281 1524 
 281 1673 
 282 249 
 282 370 
 282 1687 
 283 1532 
 284 326 
 284 449 
 284 651 
 285 804 
 287 278 
 288 39 
 288 219 
 288 220 
 288 225 
 288 231 
 288 238 
 288 718 
 288 733 
 288 736 
 288 738 
 288 739 
 288 740 
 288 830 
 289 361 
 289 580 
 289 719 
 289 730 
 289 751 
 289 804 
 289 898 
 289 929 
 289 942 
 289 1154 
 289 1448 
 289 1454 
 289 1605 
 289 1654 
 290 609 
 290 1667 
 290 1668 
 290 1669 
 290 1670 
 291 115 
 291 116 
 291 225 
 291 231 
 291 238 
 291 242 
 291 244 
 291 301 
 291 302 
 291 303 
 291 305 
 291 496 
 291 733 
 291 734 
 291 735 
 291 736 
 291 737 
 291 738 
 291 739 
 291 740 
 291 743 
 291 744 
 291 804 
 291 867 
 292 225 
 294 1667 
 294 1668 
 294 1669 
 294 1670 
 296 219 
 296 220 
 296 225 
 296 238 
 296 302 
 296 303 
 296 733 
 297 1043 
 297 1044 
 297 1046 
 297 1154 
 298 804 
 299 386 
 299 1360 
 299 1361 
 299 1776 
 299 1868 
 300 219 
 300 220 
 300 225 
 300 231 
 300 238 
 300 301 
 300 302 
 300 303 
 300 304 
 300 305 
 300 498 
 300 677 
 300 693 
 300 713 
 300 733 
 300 734 
 300 735 
 300 738 
 300 739 
 300 740 
 300 830 
 300 1654 
 301 39 
 301 115 
 301 116 
 301 118 
 301 122 
 301 225 
 301 489 
 301 580 
 301 830 
 301 1053 
 301 1522 
 301 1523 
 301 1524 
 301 1583 
 303 361 
 303 639 
 303 693 
 303 804 
 303 1153 
 303 1524 
 305 278 
 306 220 
 307 185 
 307 1102 
 308 301 
 308 718 
 308 1522 
 308 1523 
 308 1524 
 311 39 
 311 115 
 311 116 
 311 219 
 311 220 
 311 225 
 311 231 
 311 238 
 311 242 
 311 244 
 311 301 
 311 302 
 311 303 
 311 304 
 311 305 
 311 581 
 311 718 
 311 733 
 311 734 
 311 735 
 311 736 
 311 737 
 311 738 
 311 739 
 311 740 
 311 743 
 311 744 
 311 830 
 311 1243 
 311 1524 
 311 1589 
 312 639 
 312 693 
 312 804 
 312 1010 
 313 115 
 313 116 
 313 118 
 313 122 
 314 1360 
 314 1361 
 315 718 
 315 1243 
 315 1534 
 316 184 
 316 441 
 316 733 
 316 740 
 316 894 
 316 895 
 316 1522 
 316 1523 
 318 693 
 318 739 
 318 1291 
 318 1399 
 318 1400 
 318 1401 
 318 1427 
 318 1428 
 318 1429 
 318 1448 
 318 1449 
 318 1450 
 319 185 
 319 203 
 319 225 
 319 238 
 319 323 
 319 354 
 319 361 
 319 363 
 319 399 
 319 488 
 319 496 
 319 677 
 319 730 
 319 739 
 319 740 
 319 751 
 319 804 
 319 867 
 319 920 
 319 925 
 319 1029 
 319 1064 
 319 1291 
 319 1292 
 319 1361 
 319 1429 
 319 1524 
 320 1524 
 321 218 
 321 238 
 321 804 
 321 925 
 321 928 
 321 1243 
 321 1534 
 321 1778 
 323 580 
 323 602 
 323 804 
 323 1620 
 323 1738 
 323 1778 
 324 1667 
 324 1668 
 324 1669 
 324 1670 
 327 441 
 327 549 
 327 894 
 327 895 
 327 1523 
 327 1775 
 328 361 
 328 363 
 328 364 
 328 365 
 328 639 
 328 703 
 328 804 
 328 1524 
 328 1532 
 328 1533 
 328 1573 
 329 280 
 329 693 
 329 1343 
 329 1360 
 329 1361 
 329 1776 
 330 1360 
 330 1361 
 330 1776 
 330 1868 
 332 59 
 332 117 
 332 693 
 332 1291 
 332 1667 
 332 1668 
 333 184 
 333 225 
 333 231 
 333 238 
 334 1399 
 334 1400 
 334 1401 
 335 184 
 335 225 
 335 301 
 335 302 
 335 305 
 335 549 
 335 677 
 337 39 
 337 115 
 337 116 
 337 118 
 337 122 
 337 303 
 337 738 
 337 739 
 337 740 
 337 744 
 339 925 
 340 719 
 340 1667 
 340 1668 
 340 1669 
 340 1670 
 341 115 
 341 116 
 341 118 
 341 122 
 342 115 
 342 116 
 342 118 
 342 122 
 343 182 
 343 792 
 343 793 
 344 469 
 344 806 
 344 1360 
 345 830 
 345 1043 
 345 1044 
 345 1046 
 345 1154 
 346 1360 
 346 1361 
 347 739 
 347 740 
 347 1360 
 347 1522 
 348 1667 
 348 1668 
 348 1669 
 348 1670 
 349 1075 
 349 1779 
 350 123 
 350 156 
 350 225 
 350 231 
 350 244 
 350 301 
 350 302 
 350 303 
 350 304 
 350 306 
 350 380 
 350 489 
 350 677 
 350 713 
 350 730 
 350 744 
 350 804 
 350 1010 
 350 1044 
 350 1046 
 350 1186 
 350 1210 
 350 1292 
 350 1523 
 350 1635 
 350 1654 
 350 1736 
 350 1822 
 351 804 
 351 894 
 352 500 
 352 501 
 352 502 
 352 504 
 353 39 
 353 66 
 353 116 
 353 118 
 353 220 
 353 225 
 353 231 
 353 238 
 353 301 
 353 302 
 353 303 
 353 304 
 353 580 
 353 718 
 353 733 
 353 738 
 353 740 
 353 744 
 353 830 
 353 1154 
 353 1705 
 354 301 
 354 361 
 354 363 
 354 488 
 354 639 
 354 804 
 354 926 
 354 1044 
 354 1046 
 354 1153 
 354 1807 
 356 39 
 356 244 
 356 303 
 356 718 
 356 739 
 356 830 
 356 1043 
 356 1044 
 356 1046 
 356 1154 
 356 1524 
 356 1593 
 358 39 
 358 231 
 358 242 
 358 244 
 358 301 
 358 303 
 358 323 
 358 496 
 358 677 
 358 830 
 358 867 
 358 1522 
 358 1523 
 358 1524 
 358 1667 
 358 1668 
 358 1669 
 358 1670 
 359 804 
 360 39 
 360 114 
 360 474 
 360 830 
 360 925 
 360 1397 
 361 1043 
 361 1044 
 361 1046 
 362 898 
 364 116 
 364 118 
 364 220 
 364 225 
 364 231 
 364 238 
 364 301 
 364 302 
 364 303 
 364 304 
 364 489 
 364 703 
 364 718 
 364 733 
 364 738 
 364 740 
 364 744 
 364 830 
 365 932 
 366 225 
 366 231 
 366 238 
 366 380 
 366 488 
 366 677 
 366 713 
 366 1175 
 366 1522 
 366 1523 
 367 588 
 367 639 
 367 783 
 367 804 
 367 926 
 367 1582 
 368 370 
 368 1361 
 368 1630 
 368 1667 
 368 1668 
 368 1868 
 369 75 
 369 81 
 369 1075 
 369 1109 
 369 1121 
 369 1123 
 369 1779 
 370 242 
 370 244 
 370 250 
 370 738 
 370 1010 
 371 1667 
 371 1668 
 371 1669 
 371 1670 
 372 1360 
 372 1361 
 373 244 
 373 255 
 374 1238 
 374 1252 
 377 218 
 377 540 
 377 929 
 377 932 
 377 1243 
 377 1532 
 377 1533 
 377 1534 
 379 1667 
 379 1668 
 379 1669 
 379 1670 
 380 741 
 380 830 
 380 1243 
 380 1534 
 381 500 
 381 501 
 381 502 
 381 504 
 381 1350 
 384 572 
 384 655 
 384 664 
 384 1654 
 385 218 
 385 739 
 385 741 
 385 830 
 385 1243 
 385 1534 
 386 1355 
 387 39 
 387 220 
 387 718 
 387 734 
 387 741 
 387 830 
 387 1522 
 387 1523 
 387 1524 
 389 895 
 389 1667 
 389 1668 
 389 1669 
 389 1670 
 390 1532 
 390 1578 
 391 1532 
 392 39 
 393 143 
 393 144 
 393 572 
 393 761 
 393 850 
 393 1353 
 393 1354 
 393 1355 
 393 1357 
 395 115 
 395 116 
 395 118 
 395 122 
 395 225 
 395 231 
 395 301 
 395 303 
 395 718 
 395 738 
 395 739 
 395 740 
 395 744 
 396 830 
 396 1043 
 396 1044 
 396 1045 
 396 1046 
 398 231 
 398 693 
 398 1532 
 398 1533 
 398 1534 
 399 1353 
 399 1354 
 399 1355 
 400 115 
 400 116 
 400 118 
 400 122 
 400 225 
 400 301 
 400 302 
 400 303 
 400 304 
 400 677 
 400 713 
 400 718 
 400 733 
 400 738 
 400 740 
 400 744 
 400 830 
 401 114 
 401 115 
 401 116 
 401 118 
 401 122 
 401 225 
 401 231 
 401 238 
 401 301 
 401 302 
 401 303 
 401 305 
 401 489 
 401 718 
 401 738 
 401 739 
 401 740 
 401 744 
 401 1522 
 401 1523 
 401 1524 
 402 122 
 402 219 
 402 220 
 402 225 
 402 231 
 402 238 
 402 733 
 402 734 
 402 735 
 402 736 
 402 738 
 402 739 
 402 740 
 402 744 
 403 1667 
 403 1668 
 404 242 
 404 244 
 404 250 
 404 303 
 404 830 
 405 280 
 405 386 
 405 693 
 405 1291 
 405 1360 
 405 1361 
 405 1630 
 405 1776 
 408 1360 
 408 1361 
 411 733 
 411 734 
 411 735 
 412 733 
 412 734 
 412 735 
 412 738 
 412 740 
 413 1044 
 413 1046 
 414 242 
 414 244 
 414 250 
 414 567 
 414 733 
 414 734 
 414 735 
 414 738 
 414 739 
 416 1360 
 416 1361 
 417 225 
 417 231 
 417 238 
 418 59 
 418 278 
 418 306 
 418 309 
 418 581 
 418 602 
 418 862 
 418 1212 
 419 739 
 419 741 
 419 830 
 420 114 
 420 219 
 420 220 
 420 718 
 420 751 
 420 830 
 421 167 
 421 669 
 421 862 
 422 35 
 422 81 
 422 301 
 422 1075 
 422 1109 
 422 1120 
 422 1386 
 422 1534 
 422 1779 
 423 361 
 423 363 
 423 639 
 423 703 
 423 804 
 423 1522 
 423 1523 
 423 1524 
 423 1534 
 423 1573 
 425 955 
 425 956 
 426 925 
 426 1397 
 427 242 
 427 244 
 427 250 
 427 302 
 427 303 
 429 184 
 429 301 
 429 302 
 429 303 
 429 304 
 429 305 
 429 498 
 429 549 
 429 677 
 429 693 
 429 719 
 429 733 
 429 955 
 429 956 
 429 1522 
 429 1523 
 430 925 
 430 1397 
 431 1360 
 433 1679 
 435 733 
 435 734 
 435 735 
 436 1667 
 436 1668 
 436 1669 
 436 1670 
 437 242 
 437 244 
 437 580 
 438 609 
 440 386 
 440 785 
 440 1360 
 440 1361 
 440 1868 
 443 59 
 443 1777 
 445 225 
 445 231 
 445 238 
 445 738 
 445 739 
 445 740 
 446 115 
 447 1667 
 447 1668 
 447 1669 
 447 1670 
 449 75 
 449 1807 
 449 1852 
 449 1914 
 450 792 
 450 793 
 450 804 
 450 1212 
 451 1870 
 453 306 
 453 318 
 454 218 
 454 693 
 454 751 
 454 804 
 454 1186 
 454 1243 
 454 1619 
 454 1879 
 455 1668 
 455 1868 
 455 1871 
 456 116 
 456 925 
 457 115 
 457 116 
 457 118 
 457 122 
 457 830 
 457 1473 
 458 225 
 458 231 
 458 894 
 458 895 
 459 385 
 459 386 
 459 738 
 459 740 
 459 830 
 459 1209 
 459 1212 
 459 1523 
 461 634 
 463 386 
 463 785 
 463 1360 
 463 1361 
 463 1868 
 464 830 
 464 1673 
 464 1674 
 464 1675 
 466 39 
 466 115 
 466 116 
 466 118 
 466 122 
 466 303 
 466 739 
 466 830 
 466 1522 
 466 1523 
 468 242 
 468 244 
 468 250 
 468 255 
 468 580 
 468 677 
 468 693 
 468 898 
 469 739 
 469 955 
 469 956 
 471 500 
 471 501 
 471 502 
 472 39 
 472 115 
 472 116 
 472 118 
 472 122 
 472 225 
 472 231 
 472 238 
 472 301 
 472 302 
 472 303 
 472 549 
 472 718 
 472 738 
 472 739 
 472 740 
 472 744 
 472 1311 
 472 1405 
 472 1522 
 472 1524 
 473 115 
 473 116 
 473 118 
 473 122 
 473 718 
 474 580 
 474 751 
 474 1446 
 474 1447 
 475 39 
 475 115 
 475 118 
 475 122 
 475 323 
 475 496 
 475 830 
 475 1522 
 475 1861 
 477 59 
 477 602 
 477 702 
 479 735 
 479 738 
 479 739 
 479 740 
 479 741 
 479 742 
 479 751 
 481 822 
 482 167 
 482 399 
 482 412 
 482 532 
 482 1662 
 482 1693 
 482 1807 
 483 115 
 484 572 
 484 1351 
 484 1353 
 484 1354 
 484 1355 
 484 1357 
 484 1530 
 485 286 
 485 1522 
 485 1523 
 485 1870 
 486 380 
 486 702 
 486 1117 
 487 804 
 488 116 
 488 118 
 488 220 
 488 225 
 488 231 
 488 238 
 488 302 
 488 303 
 488 304 
 488 581 
 488 693 
 488 718 
 488 733 
 488 735 
 488 738 
 488 740 
 488 744 
 488 830 
 488 839 
 488 862 
 488 1043 
 488 1044 
 488 1046 
 488 1154 
 488 1815 
 490 115 
 490 116 
 490 118 
 490 122 
 490 225 
 490 231 
 490 238 
 490 303 
 490 677 
 490 683 
 490 703 
 490 738 
 490 862 
 490 925 
 490 1311 
 490 1522 
 492 804 
 493 115 
 493 116 
 493 118 
 493 182 
 493 185 
 493 225 
 493 231 
 493 242 
 493 250 
 493 266 
 493 301 
 493 302 
 493 303 
 493 304 
 493 309 
 493 496 
 493 646 
 493 730 
 493 738 
 493 739 
 493 740 
 493 744 
 493 795 
 493 1043 
 493 1044 
 493 1046 
 493 1154 
 493 1522 
 493 1523 
 493 1524 
 493 1583 
 494 81 
 494 804 
 494 830 
 494 1109 
 494 1112 
 494 1779 
 495 39 
 495 115 
 495 116 
 495 118 
 495 122 
 495 225 
 495 231 
 495 718 
 495 738 
 495 739 
 495 740 
 495 830 
 495 1405 
 495 1522 
 495 1523 
 495 1524 
 496 182 
 496 301 
 496 380 
 496 581 
 496 583 
 496 677 
 496 693 
 496 738 
 496 740 
 496 823 
 496 839 
 496 898 
 496 966 
 496 1635 
 496 1654 
 496 1673 
 496 1674 
 497 39 
 497 66 
 497 115 
 497 116 
 497 118 
 497 122 
 497 225 
 497 231 
 497 301 
 497 302 
 497 303 
 497 304 
 497 354 
 497 413 
 497 496 
 497 738 
 497 739 
 497 740 
 497 744 
 497 830 
 497 1043 
 497 1044 
 497 1046 
 497 1154 
 497 1445 
 497 1522 
 497 1523 
 497 1524 
 497 1604 
 497 1605 
 497 1635 
 500 370 
 501 581 
 501 1549 
 501 1550 
 502 39 
 502 115 
 502 116 
 502 118 
 502 182 
 502 185 
 502 225 
 502 231 
 502 242 
 502 250 
 502 266 
 502 301 
 502 302 
 502 303 
 502 304 
 502 730 
 502 738 
 502 739 
 502 740 
 502 744 
 502 795 
 502 830 
 502 932 
 502 1029 
 502 1030 
 502 1043 
 502 1044 
 502 1046 
 502 1522 
 502 1523 
 502 1524 
 502 1583 
 503 804 
 503 1153 
 504 895 
 504 1209 
 504 1212 
 504 1665 
 504 1668 
 504 1777 
 505 929 
 507 225 
 507 231 
 507 238 
 507 242 
 507 244 
 507 250 
 507 301 
 507 302 
 507 303 
 507 738 
 507 739 
 507 740 
 507 744 
 507 830 
 507 1154 
 507 1522 
 507 1523 
 507 1524 
 507 1534 
 508 677 
 509 469 
 510 1527 
 510 1868 
 510 1871 
 511 39 
 511 115 
 511 116 
 511 118 
 511 122 
 511 225 
 511 231 
 511 238 
 511 301 
 511 302 
 511 303 
 511 580 
 511 718 
 511 733 
 511 738 
 511 739 
 511 740 
 511 744 
 511 830 
 511 1405 
 511 1522 
 511 1524 
 512 303 
 513 1667 
 513 1668 
 513 1669 
 513 1670 
 515 220 
 515 225 
 515 302 
 515 718 
 515 733 
 515 738 
 515 740 
 515 804 
 515 1154 
 515 1522 
 515 1523 
 515 1524 
 515 1777 
 516 115 
 516 116 
 516 118 
 516 122 
 516 220 
 516 225 
 516 301 
 516 302 
 516 580 
 516 718 
 516 733 
 516 734 
 516 738 
 516 740 
 516 830 
 516 1473 
 516 1522 
 516 1523 
 516 1524 
 516 1532 
 517 130 
 517 1522 
 517 1523 
 517 1524 
 520 219 
 520 220 
 520 225 
 520 231 
 520 238 
 522 1112 
 524 733 
 524 804 
 524 894 
 524 895 
 527 115 
 527 116 
 527 118 
 527 122 
 527 225 
 527 303 
 527 718 
 527 738 
 527 739 
 527 740 
 527 1523 
 528 315 
 528 489 
 528 639 
 528 751 
 528 765 
 528 804 
 529 39 
 529 242 
 529 244 
 529 250 
 529 301 
 529 738 
 529 739 
 529 740 
 529 744 
 529 830 
 529 1154 
 529 1473 
 529 1522 
 529 1523 
 530 604 
 530 1043 
 530 1044 
 530 1046 
 531 225 
 531 231 
 531 238 
 531 302 
 531 303 
 531 703 
 531 718 
 531 738 
 531 739 
 531 740 
 531 830 
 531 1044 
 531 1046 
 531 1243 
 531 1522 
 531 1524 
 531 1534 
 532 639 
 532 804 
 533 219 
 533 220 
 533 225 
 533 231 
 533 238 
 533 301 
 533 302 
 533 303 
 533 304 
 533 305 
 533 733 
 533 734 
 533 735 
 533 738 
 533 739 
 533 740 
 533 744 
 533 830 
 536 242 
 536 244 
 537 1667 
 537 1668 
 537 1669 
 537 1670 
 538 830 
 538 1473 
 539 580 
 540 278 
 540 371 
 540 883 
 540 1415 
 542 1243 
 543 219 
 543 220 
 543 225 
 543 231 
 543 238 
 543 242 
 543 244 
 543 301 
 543 302 
 543 303 
 543 304 
 543 305 
 543 693 
 543 733 
 543 734 
 543 735 
 543 738 
 543 739 
 543 740 
 543 744 
 543 862 
 543 1154 
 545 242 
 545 244 
 545 250 
 546 115 
 546 116 
 546 218 
 546 323 
 546 354 
 546 496 
 546 531 
 546 602 
 546 719 
 546 740 
 546 751 
 546 804 
 546 830 
 546 862 
 546 898 
 546 942 
 546 1010 
 546 1167 
 546 1243 
 546 1291 
 546 1495 
 546 1522 
 546 1590 
 546 1620 
 547 500 
 547 501 
 547 502 
 547 503 
 547 504 
 547 505 
 549 1046 
 550 39 
 550 242 
 550 244 
 550 250 
 550 1524 
 551 268 
 551 719 
 551 1280 
 551 1868 
 551 1871 
 555 1549 
 555 1550 
 556 637 
 556 1673 
 558 39 
 558 115 
 558 116 
 558 118 
 558 122 
 558 219 
 558 220 
 558 225 
 558 231 
 558 238 
 558 242 
 558 244 
 558 301 
 558 302 
 558 303 
 558 304 
 558 305 
 558 718 
 558 733 
 558 734 
 558 735 
 558 736 
 558 737 
 558 738 
 558 739 
 558 740 
 558 743 
 558 744 
 558 830 
 558 1522 
 558 1524 
 558 1589 
 560 830 
 562 225 
 562 302 
 562 303 
 562 738 
 562 739 
 562 740 
 562 741 
 562 742 
 564 301 
 564 323 
 564 488 
 564 496 
 564 677 
 564 719 
 564 867 
 564 1495 
 566 115 
 566 116 
 566 118 
 566 122 
 566 219 
 566 220 
 566 225 
 566 231 
 566 238 
 566 242 
 566 244 
 566 301 
 566 302 
 566 303 
 566 304 
 566 305 
 566 718 
 566 733 
 566 734 
 566 735 
 566 736 
 566 738 
 566 739 
 566 740 
 566 741 
 566 743 
 566 744 
 566 830 
 566 1154 
 566 1274 
 566 1522 
 566 1523 
 566 1524 
 567 114 
 567 115 
 567 116 
 567 118 
 567 122 
 567 301 
 567 302 
 567 303 
 567 304 
 567 305 
 567 718 
 567 738 
 569 59 
 569 602 
 569 1630 
 570 39 
 570 115 
 570 116 
 570 118 
 570 122 
 570 220 
 570 225 
 570 231 
 570 238 
 570 301 
 570 302 
 570 303 
 570 718 
 570 738 
 570 739 
 570 740 
 570 744 
 570 830 
 570 1522 
 570 1523 
 570 1524 
 571 677 
 571 830 
 571 1473 
 571 1673 
 577 21 
 577 55 
 577 69 
 577 70 
 577 102 
 577 103 
 577 203 
 577 204 
 577 208 
 577 209 
 577 212 
 577 226 
 577 293 
 577 323 
 577 326 
 577 340 
 577 341 
 577 342 
 577 343 
 577 345 
 577 346 
 577 347 
 577 349 
 577 350 
 577 351 
 577 354 
 577 355 
 577 356 
 577 419 
 577 426 
 577 427 
 577 428 
 577 431 
 577 442 
 577 446 
 577 447 
 577 448 
 577 487 
 577 492 
 577 496 
 577 529 
 577 555 
 577 564 
 577 608 
 577 685 
 577 816 
 577 817 
 577 851 
 577 854 
 577 867 
 577 876 
 577 877 
 577 888 
 577 913 
 577 914 
 577 923 
 577 946 
 577 967 
 577 1004 
 577 1035 
 577 1060 
 577 1086 
 577 1091 
 577 1107 
 577 1124 
 577 1126 
 577 1138 
 577 1141 
 577 1210 
 577 1254 
 577 1270 
 577 1279 
 577 1298 
 577 1302 
 577 1303 
 577 1305 
 577 1364 
 577 1365 
 577 1391 
 577 1396 
 577 1417 
 577 1491 
 577 1528 
 577 1531 
 577 1536 
 577 1548 
 577 1553 
 577 1554 
 577 1567 
 577 1568 
 577 1570 
 577 1581 
 577 1585 
 577 1590 
 577 1592 
 577 1594 
 577 1597 
 577 1598 
 577 1636 
 577 1638 
 577 1657 
 577 1661 
 577 1665 
 577 1678 
 577 1700 
 577 1706 
 577 1750 
 577 1757 
 577 1759 
 577 1763 
 577 1793 
 577 1824 
 577 1830 
 577 1832 
 577 1844 
 577 1849 
 577 1852 
 577 1862 
 577 1866 
 577 1874 
 577 1881 
 577 1891 
 577 1901 
 578 323 
 578 354 
 578 355 
 578 356 
 578 830 
 578 1126 
 578 1162 
 578 1163 
 578 1172 
 578 1305 
 578 1307 
 578 1417 
 578 1570 
 578 1665 
 578 1793 
 578 1852 
 578 1901 
 579 116 
 579 219 
 579 220 
 579 225 
 579 231 
 579 238 
 579 242 
 579 244 
 579 301 
 579 302 
 579 303 
 579 304 
 579 305 
 579 718 
 579 733 
 579 734 
 579 735 
 579 736 
 579 738 
 579 739 
 579 740 
 579 743 
 579 744 
 579 830 
 579 1405 
 579 1524 
 579 1589 
 580 18 
 580 20 
 580 21 
 580 22 
 580 24 
 580 28 
 580 40 
 580 52 
 580 55 
 580 62 
 580 69 
 580 70 
 580 71 
 580 89 
 580 92 
 580 97 
 580 99 
 580 102 
 580 103 
 580 105 
 580 108 
 580 121 
 580 135 
 580 147 
 580 149 
 580 152 
 580 198 
 580 204 
 580 209 
 580 211 
 580 212 
 580 214 
 580 215 
 580 216 
 580 217 
 580 226 
 580 269 
 580 270 
 580 308 
 580 323 
 580 334 
 580 341 
 580 343 
 580 344 
 580 346 
 580 348 
 580 350 
 580 351 
 580 358 
 580 359 
 580 395 
 580 418 
 580 419 
 580 426 
 580 427 
 580 428 
 580 429 
 580 431 
 580 434 
 580 435 
 580 439 
 580 440 
 580 442 
 580 446 
 580 447 
 580 448 
 580 449 
 580 472 
 580 479 
 580 480 
 580 482 
 580 487 
 580 492 
 580 496 
 580 529 
 580 547 
 580 548 
 580 555 
 580 574 
 580 576 
 580 608 
 580 612 
 580 630 
 580 641 
 580 685 
 580 765 
 580 799 
 580 800 
 580 801 
 580 813 
 580 815 
 580 816 
 580 817 
 580 830 
 580 851 
 580 854 
 580 865 
 580 867 
 580 887 
 580 888 
 580 899 
 580 901 
 580 903 
 580 905 
 580 913 
 580 914 
 580 915 
 580 922 
 580 924 
 580 946 
 580 961 
 580 966 
 580 1004 
 580 1032 
 580 1033 
 580 1034 
 580 1035 
 580 1060 
 580 1069 
 580 1091 
 580 1101 
 580 1107 
 580 1124 
 580 1126 
 580 1137 
 580 1150 
 580 1156 
 580 1189 
 580 1190 
 580 1193 
 580 1222 
 580 1257 
 580 1259 
 580 1267 
 580 1270 
 580 1278 
 580 1279 
 580 1282 
 580 1284 
 580 1296 
 580 1299 
 580 1300 
 580 1302 
 580 1303 
 580 1304 
 580 1305 
 580 1306 
 580 1308 
 580 1335 
 580 1362 
 580 1364 
 580 1365 
 580 1373 
 580 1391 
 580 1417 
 580 1420 
 580 1426 
 580 1440 
 580 1441 
 580 1442 
 580 1443 
 580 1491 
 580 1497 
 580 1531 
 580 1535 
 580 1548 
 580 1555 
 580 1556 
 580 1566 
 580 1567 
 580 1568 
 580 1570 
 580 1571 
 580 1572 
 580 1585 
 580 1590 
 580 1606 
 580 1629 
 580 1638 
 580 1641 
 580 1661 
 580 1665 
 580 1676 
 580 1678 
 580 1706 
 580 1711 
 580 1717 
 580 1718 
 580 1721 
 580 1723 
 580 1724 
 580 1725 
 580 1741 
 580 1742 
 580 1743 
 580 1745 
 580 1747 
 580 1748 
 580 1751 
 580 1752 
 580 1759 
 580 1763 
 580 1767 
 580 1769 
 580 1786 
 580 1790 
 580 1794 
 580 1810 
 580 1821 
 580 1823 
 580 1826 
 580 1834 
 580 1835 
 580 1844 
 580 1847 
 580 1851 
 580 1852 
 580 1855 
 580 1858 
 580 1859 
 580 1881 
 580 1884 
 580 1897 
 580 1898 
 580 1901 
 580 1904 
 580 1907 
 580 1908 
 580 1911 
 581 128 
 581 130 
 582 1175 
 582 1870 
 583 1360 
 583 1361 
 584 244 
 590 1668 
 591 584 
 591 1173 
 591 1280 
 591 1868 
 591 1871 
 592 1280 
 592 1868 
 592 1871 
 595 1243 
 595 1534 
 596 306 
 603 733 
 605 894 
 605 895 
 607 219 
 607 220 
 607 225 
 607 231 
 607 238 
 607 302 
 607 303 
 607 733 
 607 734 
 607 735 
 607 736 
 607 737 
 607 738 
 607 739 
 607 740 
 607 744 
 607 1524 
 608 1212 
 609 338 
 609 751 
 609 785 
 609 804 
 609 818 
 609 1429 
 609 1533 
 611 925 
 611 1397 
 612 718 
 613 118 
 613 225 
 613 238 
 613 303 
 613 361 
 613 639 
 613 738 
 613 804 
 613 1044 
 613 1046 
 613 1522 
 613 1523 
 613 1524 
 614 242 
 614 244 
 615 76 
 615 605 
 615 1348 
 617 677 
 617 693 
 617 898 
 619 804 
 622 500 
 622 501 
 622 502 
 622 504 
 627 235 
 627 1526 
 627 1914 
 631 115 
 631 116 
 631 118 
 631 830 
 631 1473 
 631 1673 
 634 714 
 636 301 
 637 116 
 637 1102 
 637 1194 
 638 1311 
 639 220 
 639 225 
 639 231 
 639 238 
 639 302 
 639 303 
 639 304 
 639 718 
 639 733 
 639 738 
 639 740 
 639 744 
 640 1405 
 641 302 
 641 303 
 642 302 
 642 303 
 643 115 
 643 116 
 643 118 
 643 122 
 643 225 
 643 718 
 643 740 
 643 744 
 643 1807 
 646 894 
 646 895 
 647 203 
 647 1361 
 648 1113 
 648 1114 
 648 1115 
 649 235 
 649 497 
 650 3 
 650 4 
 650 75 
 650 315 
 650 686 
 650 687 
 650 1125 
 650 1281 
 650 1701 
 650 1740 
 650 1803 
 650 1895 
 650 1900 
 650 1902 
 652 804 
 652 1210 
 652 1669 
 653 609 
 653 1360 
 653 1361 
 653 1630 
 654 361 
 654 363 
 654 804 
 654 1524 
 655 266 
 655 730 
 655 1176 
 657 39 
 657 115 
 657 118 
 657 122 
 657 167 
 657 225 
 657 231 
 657 238 
 657 301 
 657 302 
 657 303 
 657 693 
 657 718 
 657 738 
 657 739 
 657 740 
 657 830 
 657 839 
 657 1043 
 657 1044 
 657 1046 
 657 1522 
 657 1523 
 657 1524 
 657 1672 
 657 1813 
 657 1814 
 657 1815 
 658 225 
 658 231 
 658 238 
 658 242 
 658 244 
 658 302 
 658 303 
 658 304 
 658 581 
 658 718 
 658 733 
 658 734 
 658 735 
 658 736 
 658 738 
 658 739 
 658 744 
 658 751 
 658 830 
 658 839 
 658 862 
 658 1045 
 658 1524 
 658 1589 
 659 116 
 659 118 
 660 823 
 660 830 
 661 733 
 661 830 
 661 1473 
 662 103 
 662 203 
 662 204 
 662 208 
 662 326 
 662 340 
 662 341 
 662 342 
 662 343 
 662 345 
 662 346 
 662 347 
 662 349 
 662 350 
 662 351 
 662 431 
 662 447 
 662 487 
 662 492 
 662 496 
 662 555 
 662 608 
 662 685 
 662 816 
 662 830 
 662 854 
 662 867 
 662 888 
 662 1033 
 662 1034 
 662 1035 
 662 1086 
 662 1107 
 662 1124 
 662 1126 
 662 1141 
 662 1297 
 662 1298 
 662 1299 
 662 1300 
 662 1305 
 662 1365 
 662 1396 
 662 1417 
 662 1491 
 662 1548 
 662 1554 
 662 1570 
 662 1593 
 662 1606 
 662 1638 
 662 1665 
 662 1667 
 662 1668 
 662 1669 
 662 1670 
 662 1678 
 662 1699 
 662 1891 
 663 298 
 663 397 
 663 1223 
 664 498 
 664 1509 
 664 1817 
 666 1522 
 666 1523 
 666 1524 
 667 39 
 667 115 
 667 116 
 667 225 
 667 231 
 667 238 
 667 301 
 667 302 
 667 303 
 667 304 
 667 305 
 667 718 
 667 733 
 667 734 
 667 735 
 667 738 
 667 740 
 667 744 
 667 1522 
 667 1523 
 668 225 
 668 231 
 668 238 
 668 733 
 669 848 
 669 849 
 669 1318 
 669 1837 
 670 1267 
 670 1268 
 670 1271 
 670 1273 
 670 1274 
 671 118 
 671 242 
 671 244 
 671 303 
 672 1807 
 673 1113 
 673 1114 
 673 1115 
 674 301 
 674 302 
 674 303 
 674 304 
 674 305 
 675 28 
 675 52 
 675 69 
 675 99 
 675 102 
 675 103 
 675 149 
 675 203 
 675 204 
 675 208 
 675 212 
 675 226 
 675 323 
 675 326 
 675 336 
 675 340 
 675 341 
 675 342 
 675 343 
 675 344 
 675 345 
 675 346 
 675 347 
 675 350 
 675 351 
 675 354 
 675 355 
 675 356 
 675 426 
 675 427 
 675 428 
 675 429 
 675 431 
 675 442 
 675 446 
 675 447 
 675 448 
 675 449 
 675 482 
 675 487 
 675 489 
 675 492 
 675 496 
 675 529 
 675 555 
 675 574 
 675 608 
 675 612 
 675 685 
 675 801 
 675 851 
 675 854 
 675 867 
 675 887 
 675 888 
 675 914 
 675 915 
 675 950 
 675 1035 
 675 1060 
 675 1086 
 675 1091 
 675 1124 
 675 1126 
 675 1141 
 675 1156 
 675 1193 
 675 1254 
 675 1257 
 675 1270 
 675 1295 
 675 1302 
 675 1303 
 675 1305 
 675 1364 
 675 1391 
 675 1417 
 675 1440 
 675 1443 
 675 1491 
 675 1531 
 675 1548 
 675 1553 
 675 1570 
 675 1572 
 675 1590 
 675 1593 
 675 1594 
 675 1606 
 675 1636 
 675 1641 
 675 1665 
 675 1678 
 675 1706 
 675 1757 
 675 1759 
 675 1767 
 675 1793 
 675 1824 
 675 1852 
 675 1874 
 675 1881 
 675 1884 
 675 1891 
 675 1901 
 676 114 
 676 184 
 676 718 
 676 1405 
 677 116 
 677 118 
 677 220 
 677 225 
 677 231 
 677 238 
 677 242 
 677 244 
 677 301 
 677 302 
 677 303 
 677 304 
 677 718 
 677 733 
 677 734 
 677 735 
 677 736 
 677 737 
 677 738 
 677 740 
 677 744 
 677 823 
 677 830 
 677 1154 
 677 1524 
 677 1589 
 678 115 
 678 116 
 678 118 
 678 122 
 678 220 
 678 225 
 678 231 
 678 238 
 678 301 
 678 302 
 678 303 
 678 304 
 678 718 
 678 733 
 678 735 
 678 736 
 678 737 
 678 738 
 678 739 
 678 740 
 678 744 
 678 1405 
 678 1522 
 678 1523 
 678 1524 
 679 35 
 679 167 
 679 830 
 679 942 
 679 1861 
 681 298 
 682 1046 
 682 1522 
 683 182 
 683 185 
 684 115 
 684 116 
 684 118 
 684 122 
 684 219 
 684 220 
 684 225 
 684 231 
 684 238 
 684 242 
 684 244 
 684 301 
 684 302 
 684 303 
 684 304 
 684 305 
 684 718 
 684 733 
 684 734 
 684 735 
 684 736 
 684 738 
 684 740 
 684 741 
 684 744 
 684 1523 
 684 1524 
 684 1589 
 685 1667 
 685 1668 
 685 1669 
 685 1670 
 686 318 
 686 320 
 687 1043 
 687 1044 
 687 1046 
 687 1673 
 688 225 
 688 238 
 688 302 
 688 303 
 688 304 
 688 734 
 688 735 
 688 738 
 688 739 
 688 744 
 689 138 
 689 1519 
 689 1520 
 690 298 
 690 1223 
 691 21 
 691 28 
 691 52 
 691 69 
 691 70 
 691 102 
 691 103 
 691 108 
 691 204 
 691 226 
 691 351 
 691 418 
 691 419 
 691 426 
 691 427 
 691 428 
 691 429 
 691 431 
 691 434 
 691 442 
 691 446 
 691 447 
 691 448 
 691 449 
 691 452 
 691 482 
 691 487 
 691 492 
 691 496 
 691 555 
 691 564 
 691 685 
 691 765 
 691 801 
 691 816 
 691 817 
 691 851 
 691 854 
 691 867 
 691 876 
 691 877 
 691 887 
 691 888 
 691 901 
 691 912 
 691 915 
 691 922 
 691 923 
 691 924 
 691 1004 
 691 1035 
 691 1101 
 691 1107 
 691 1124 
 691 1126 
 691 1138 
 691 1172 
 691 1297 
 691 1299 
 691 1300 
 691 1305 
 691 1306 
 691 1308 
 691 1362 
 691 1364 
 691 1365 
 691 1391 
 691 1396 
 691 1417 
 691 1430 
 691 1491 
 691 1497 
 691 1531 
 691 1548 
 691 1553 
 691 1554 
 691 1568 
 691 1570 
 691 1572 
 691 1581 
 691 1593 
 691 1598 
 691 1606 
 691 1629 
 691 1634 
 691 1636 
 691 1638 
 691 1665 
 691 1678 
 691 1699 
 691 1706 
 691 1759 
 691 1763 
 691 1769 
 691 1786 
 691 1790 
 691 1793 
 691 1852 
 691 1862 
 691 1866 
 691 1881 
 691 1901 
 691 1906 
 692 738 
 692 739 
 692 740 
 692 955 
 692 956 
 693 18 
 693 21 
 693 28 
 693 52 
 693 55 
 693 62 
 693 70 
 693 71 
 693 89 
 693 97 
 693 99 
 693 102 
 693 103 
 693 105 
 693 147 
 693 148 
 693 149 
 693 152 
 693 204 
 693 208 
 693 209 
 693 211 
 693 212 
 693 226 
 693 293 
 693 323 
 693 326 
 693 336 
 693 340 
 693 341 
 693 342 
 693 343 
 693 345 
 693 346 
 693 347 
 693 348 
 693 349 
 693 350 
 693 351 
 693 354 
 693 355 
 693 356 
 693 395 
 693 418 
 693 419 
 693 431 
 693 434 
 693 439 
 693 442 
 693 447 
 693 448 
 693 480 
 693 482 
 693 487 
 693 492 
 693 496 
 693 529 
 693 548 
 693 555 
 693 564 
 693 574 
 693 576 
 693 608 
 693 630 
 693 641 
 693 685 
 693 801 
 693 813 
 693 816 
 693 817 
 693 854 
 693 867 
 693 887 
 693 888 
 693 903 
 693 912 
 693 913 
 693 914 
 693 915 
 693 922 
 693 924 
 693 946 
 693 950 
 693 966 
 693 1004 
 693 1032 
 693 1033 
 693 1034 
 693 1035 
 693 1060 
 693 1066 
 693 1068 
 693 1069 
 693 1086 
 693 1091 
 693 1101 
 693 1107 
 693 1124 
 693 1126 
 693 1138 
 693 1141 
 693 1150 
 693 1156 
 693 1186 
 693 1189 
 693 1257 
 693 1270 
 693 1271 
 693 1273 
 693 1278 
 693 1279 
 693 1284 
 693 1296 
 693 1302 
 693 1303 
 693 1304 
 693 1305 
 693 1306 
 693 1307 
 693 1362 
 693 1365 
 693 1391 
 693 1417 
 693 1426 
 693 1441 
 693 1442 
 693 1443 
 693 1491 
 693 1497 
 693 1535 
 693 1536 
 693 1548 
 693 1553 
 693 1566 
 693 1567 
 693 1570 
 693 1581 
 693 1585 
 693 1590 
 693 1592 
 693 1593 
 693 1606 
 693 1636 
 693 1638 
 693 1641 
 693 1657 
 693 1661 
 693 1665 
 693 1666 
 693 1676 
 693 1678 
 693 1700 
 693 1706 
 693 1718 
 693 1724 
 693 1725 
 693 1741 
 693 1742 
 693 1745 
 693 1748 
 693 1759 
 693 1768 
 693 1793 
 693 1830 
 693 1844 
 693 1866 
 693 1881 
 693 1884 
 693 1897 
 693 1898 
 693 1901 
 693 1907 
 693 1908 
 694 302 
 694 303 
 694 718 
 694 733 
 694 742 
 694 1524 
 695 383 
 695 384 
 695 385 
 695 386 
 695 388 
 695 389 
 695 1209 
 695 1210 
 695 1212 
 696 39 
 696 225 
 696 718 
 696 738 
 696 739 
 696 740 
 696 830 
 696 1523 
 696 1524 
 697 220 
 697 225 
 697 231 
 697 238 
 697 733 
 697 734 
 697 735 
 697 736 
 698 184 
 699 1522 
 699 1524 
 701 639 
 701 804 
 702 184 
 702 219 
 702 220 
 702 225 
 702 231 
 702 238 
 703 1807 
 704 1204 
 708 1667 
 708 1668 
 708 1669 
 708 1670 
 710 156 
 710 1635 
 710 1684 
 711 713 
 711 730 
 711 1789 
 712 1362 
 713 115 
 713 116 
 713 118 
 713 122 
 713 718 
 713 830 
 714 242 
 714 244 
 714 250 
 714 738 
 714 739 
 715 242 
 715 244 
 715 250 
 717 225 
 717 238 
 718 370 
 718 1506 
 718 1537 
 720 316 
 720 317 
 720 1782 
 722 18 
 722 21 
 722 28 
 722 29 
 722 40 
 722 55 
 722 69 
 722 70 
 722 71 
 722 147 
 722 149 
 722 166 
 722 198 
 722 209 
 722 216 
 722 217 
 722 269 
 722 270 
 722 293 
 722 308 
 722 334 
 722 341 
 722 348 
 722 351 
 722 359 
 722 426 
 722 434 
 722 439 
 722 472 
 722 480 
 722 482 
 722 492 
 722 496 
 722 529 
 722 548 
 722 574 
 722 576 
 722 612 
 722 630 
 722 641 
 722 650 
 722 651 
 722 774 
 722 801 
 722 815 
 722 816 
 722 817 
 722 854 
 722 865 
 722 867 
 722 887 
 722 912 
 722 913 
 722 966 
 722 1005 
 722 1032 
 722 1033 
 722 1034 
 722 1107 
 722 1156 
 722 1172 
 722 1186 
 722 1193 
 722 1257 
 722 1262 
 722 1273 
 722 1290 
 722 1297 
 722 1302 
 722 1303 
 722 1304 
 722 1335 
 722 1362 
 722 1365 
 722 1391 
 722 1417 
 722 1420 
 722 1426 
 722 1440 
 722 1441 
 722 1497 
 722 1531 
 722 1535 
 722 1554 
 722 1555 
 722 1568 
 722 1572 
 722 1585 
 722 1629 
 722 1638 
 722 1657 
 722 1665 
 722 1706 
 722 1718 
 722 1721 
 722 1723 
 722 1724 
 722 1725 
 722 1745 
 722 1752 
 722 1768 
 722 1769 
 722 1821 
 722 1851 
 722 1852 
 722 1855 
 722 1858 
 722 1859 
 722 1866 
 722 1881 
 722 1884 
 722 1897 
 722 1898 
 722 1904 
 722 1911 
 723 811 
 723 851 
 723 1396 
 723 1554 
 723 1665 
 724 115 
 724 298 
 724 397 
 725 352 
 725 581 
 725 851 
 725 1554 
 725 1665 
 726 29 
 726 426 
 726 447 
 726 492 
 726 651 
 726 851 
 726 854 
 726 1417 
 726 1548 
 726 1665 
 727 1519 
 727 1520 
 728 99 
 728 203 
 728 212 
 728 308 
 728 323 
 728 351 
 728 354 
 728 355 
 728 356 
 728 447 
 728 487 
 728 492 
 728 574 
 728 608 
 728 612 
 728 685 
 728 801 
 728 867 
 728 915 
 728 1156 
 728 1270 
 728 1299 
 728 1300 
 728 1305 
 728 1491 
 728 1548 
 728 1570 
 728 1636 
 728 1665 
 728 1752 
 728 1767 
 728 1793 
 728 1859 
 728 1901 
 729 318 
 729 320 
 730 39 
 730 66 
 730 220 
 730 636 
 730 718 
 730 830 
 731 115 
 731 116 
 731 118 
 731 122 
 731 301 
 731 302 
 731 303 
 731 733 
 731 738 
 731 740 
 731 741 
