 580 1107 
 580 1305 
 512 303 
 722 71 
 496 1654 
 301 118 
 19 1522 
 720 316 
 271 738 
 104 122 
 139 225 
 370 250 
 667 231 
 533 304 
 136 167 
 551 268 
 490 116 
 76 238 
 503 1153 
 252 492 
 393 761 
 493 301 
 151 1817 
 412 735 
 577 1417 
 210 1126 
 154 1523 
 58 830 
 412 740 
 220 218 
 722 1290 
 264 460 
 63 366 
 450 793 
 364 220 
 693 293 
 64 250 
 580 351 
 103 1154 
 210 1752 
 493 1524 
 675 1891 
 577 340 
 570 744 
 98 231 
 275 898 
 577 914 
 146 302 
 140 1138 
 471 500 
 98 733 
 342 115 
 516 301 
 74 1534 
 356 1593 
 347 740 
 181 736 
 60 39 
 282 1687 
 134 1668 
 117 740 
 214 302 
 517 130 
 580 1826 
 529 830 
 200 305 
 731 738 
 140 1396 
 200 301 
 140 99 
 558 231 
 35 1121 
 691 1305 
 136 1807 
 566 830 
 580 903 
 155 122 
 261 304 
 193 498 
 319 867 
 152 1522 
 693 801 
 724 115 
 152 122 
 277 118 
 136 1677 
 688 735 
 546 942 
 429 693 
 580 1661 
 472 39 
 280 284 
 166 862 
 399 1354 
 261 739 
 401 115 
 731 733 
 159 301 
 54 1779 
 577 1590 
 484 572 
 96 487 
 324 1667 
 372 1360 
 335 225 
 691 103 
 693 1581 
 80 734 
 550 244 
 340 719 
 252 801 
 667 303 
 140 1035 
 580 1426 
 650 315 
 179 122 
 445 739 
 677 304 
 577 854 
 210 351 
 140 345 
 472 1311 
 311 736 
 435 735 
 104 302 
 580 922 
 547 502 
 153 639 
 167 1871 
 252 738 
 204 637 
 387 1522 
 490 238 
 35 182 
 675 496 
 609 1533 
 712 1362 
 268 39 
 275 238 
 181 1029 
 579 301 
 511 1524 
 475 1522 
 577 447 
 329 1776 
 145 301 
 96 211 
 550 1524 
 64 118 
 99 238 
 90 1399 
 182 703 
 313 118 
 319 677 
 162 804 
 577 1365 
 239 739 
 691 1636 
 140 1793 
 328 364 
 688 303 
 580 1847 
 306 220 
 300 740 
 24 115 
 65 1670 
 216 301 
 164 718 
 579 219 
 400 733 
 408 1360 
 517 1522 
 319 203 
 711 713 
 657 122 
 148 1209 
 216 1523 
 662 1665 
 210 564 
 580 1638 
 96 1723 
 96 1636 
 61 238 
 688 739 
 693 1034 
 158 122 
 185 740 
 140 1606 
 580 440 
 16 531 
 29 1046 
 117 231 
 156 502 
 291 238 
 495 718 
 179 1522 
 121 244 
 132 115 
 345 830 
 288 740 
 446 115 
 693 1657 
 261 1046 
 516 830 
 366 1522 
 566 735 
 722 1752 
 580 214 
 59 744 
 99 116 
 367 926 
 639 718 
 402 231 
 399 1353 
 577 326 
 349 1779 
 529 740 
 191 242 
 675 356 
 691 816 
 61 303 
 516 1473 
 139 1523 
 728 1665 
 122 303 
 113 231 
 276 744 
 126 116 
 615 76 
 511 115 
 722 216 
 210 1606 
 99 740 
 532 804 
 252 447 
 580 1741 
 351 804 
 577 431 
 280 1046 
 63 225 
 364 830 
 210 1270 
 140 348 
 688 225 
 580 344 
 271 739 
 143 503 
 483 115 
 641 303 
 400 718 
 358 231 
 580 612 
 229 734 
 580 217 
 497 303 
 273 225 
 691 1124 
 261 250 
 704 1204 
 233 1522 
 543 693 
 270 804 
 96 356 
 64 182 
 364 238 
 684 1523 
 281 305 
 722 1302 
 311 743 
 63 1046 
 70 1674 
 43 737 
 691 685 
 229 39 
 675 1706 
 580 472 
 675 1257 
 580 865 
 488 303 
 187 231 
 181 734 
 401 302 
 244 303 
 710 156 
 591 1280 
 662 351 
 662 1668 
 214 225 
 580 1790 
 722 1156 
 60 302 
 96 905 
 429 1523 
 580 152 
 490 225 
 696 740 
 104 225 
 570 739 
 311 718 
 328 1573 
 437 580 
 580 1497 
 463 1361 
 384 1654 
 281 1522 
 76 39 
 728 1570 
 252 1668 
 145 738 
 531 718 
 353 744 
 275 225 
 60 739 
 578 1570 
 497 1605 
 74 830 
 555 1550 
 488 740 
 58 115 
 145 830 
 67 1029 
 577 204 
 345 1043 
 580 308 
 529 244 
 515 220 
 530 1044 
 104 1524 
 187 238 
 109 1522 
 422 1075 
 350 303 
 64 1046 
 96 801 
 332 1668 
 96 1763 
 291 244 
 527 1523 
 631 115 
 335 301 
 702 219 
 714 738 
 129 238 
 300 735 
 280 363 
 96 203 
 169 115 
 76 118 
 580 105 
 135 1397 
 234 1668 
 427 303 
 728 487 
 728 915 
 580 1711 
 493 1043 
 684 116 
 657 693 
 80 302 
 693 1725 
 570 1524 
 140 1572 
 288 733 
 496 1635 
 722 1365 
 613 1523 
 163 1448 
 652 804 
 458 231 
 20 730 
 361 1043 
 580 480 
 316 1522 
 220 76 
 567 114 
 366 225 
 657 1813 
 423 1573 
 536 244 
 692 740 
 495 115 
 427 242 
 691 1598 
 580 1570 
 507 1524 
 289 804 
 311 242 
 173 1360 
 196 118 
 722 576 
 370 1010 
 416 1360 
 507 1522 
 104 739 
 185 1046 
 121 220 
 496 677 
 149 304 
 447 1668 
 78 1029 
 401 122 
 182 115 
 353 1154 
 131 1736 
 728 608 
 24 116 
 72 703 
 531 1243 
 90 1400 
 580 1391 
 96 1491 
 234 739 
 140 651 
 493 182 
 148 1212 
 546 602 
 308 1522 
 358 303 
 135 925 
 580 1908 
 220 323 
 639 738 
 693 419 
 418 862 
 214 122 
 164 302 
 662 1670 
 577 851 
 693 89 
 722 69 
 90 1212 
 182 735 
 516 118 
 693 867 
 353 740 
 227 739 
 516 580 
 515 302 
 80 738 
 677 718 
 99 1524 
 216 302 
 429 677 
 658 302 
 96 1293 
 661 733 
 280 116 
 181 225 
 178 203 
 502 116 
 691 428 
 639 231 
 354 926 
 723 1554 
 693 1907 
 138 144 
 252 1299 
 693 903 
 19 1523 
 701 639 
 232 220 
 64 718 
 440 1361 
 158 496 
 580 1706 
 364 225 
 140 342 
 220 203 
 136 926 
 728 354 
 693 641 
 145 238 
 149 302 
 582 1175 
 290 609 
 332 117 
 691 1491 
 98 238 
 528 804 
 580 1717 
 577 1657 
 64 639 
 475 118 
 580 147 
 178 115 
 722 1257 
 145 220 
 675 1636 
 440 1360 
 580 547 
 693 1745 
 472 225 
 178 303 
 577 877 
 400 302 
 619 804 
 152 718 
 529 1523 
 731 741 
 402 225 
 140 738 
 722 1904 
 662 1086 
 414 738 
 537 1669 
 26 75 
 639 225 
 152 830 
 580 1069 
 96 1724 
 7 750 
 725 851 
 580 574 
 64 862 
 722 1005 
 182 1524 
 577 1553 
 531 225 
 472 1524 
 658 1589 
 691 854 
 686 318 
 63 115 
 17 795 
 577 1210 
 117 122 
 693 356 
 543 305 
 371 1667 
 693 348 
 196 122 
 730 66 
 148 1777 
 96 1417 
 693 574 
 696 739 
 473 122 
 496 898 
 366 488 
 691 1763 
 249 250 
 159 1522 
 688 738 
 169 738 
 59 739 
 210 641 
 377 1534 
 693 1553 
 675 574 
 99 303 
 181 830 
 566 1523 
 321 238 
 216 304 
 152 302 
 311 739 
 140 1593 
 134 304 
 367 1582 
 579 739 
 693 336 
 615 1348 
 663 298 
 657 118 
 229 1526 
 149 303 
 163 1620 
 60 115 
 684 219 
 580 1267 
 703 1807 
 693 99 
 210 446 
 63 118 
 142 1673 
 250 830 
 577 1396 
 59 122 
 496 1673 
 702 231 
 208 1670 
 318 1400 
 667 238 
 167 1868 
 177 582 
 702 225 
 168 932 
 340 1668 
 580 1834 
 69 304 
 146 738 
 533 219 
 580 198 
 330 1868 
 366 1523 
 662 431 
 580 1904 
 607 733 
 216 225 
 252 345 
 577 1004 
 244 301 
 69 303 
 290 1667 
 60 738 
 687 1046 
 356 1524 
 132 118 
 335 677 
 61 735 
 140 1852 
 662 1141 
 48 1523 
 693 966 
 366 713 
 19 1524 
 117 118 
 513 1669 
 722 650 
 155 738 
 210 1793 
 140 1568 
 227 303 
 328 703 
 537 1670 
 471 501 
 193 1509 
 261 225 
 577 1759 
 367 588 
 693 1638 
 422 1109 
 319 1361 
 350 1635 
 19 39 
 319 354 
 566 220 
 580 914 
 693 97 
 724 298 
 570 303 
 192 740 
 98 739 
 488 1154 
 201 830 
 580 341 
 579 736 
 149 734 
 486 380 
 26 1216 
 613 303 
 405 1361 
 657 1814 
 675 487 
 281 718 
 472 116 
 151 1369 
 662 1699 
 580 1222 
 275 693 
 722 70 
 566 736 
 580 1794 
 179 830 
 678 737 
 116 1063 
 311 303 
 192 733 
 607 735 
 713 115 
 277 122 
 146 39 
 726 426 
 691 1786 
 198 804 
 580 1364 
 580 22 
 580 799 
 722 439 
 275 242 
 578 1793 
 464 1674 
 35 830 
 261 738 
 728 1793 
 78 116 
 507 225 
 145 302 
 226 460 
 140 426 
 140 1150 
 117 736 
 668 225 
 726 1665 
 353 66 
 691 487 
 570 301 
 580 429 
 454 1243 
 678 735 
 495 39 
 200 219 
 96 340 
 490 115 
 580 1362 
 96 345 
 168 830 
 642 302 
 110 220 
 99 231 
 472 302 
 420 830 
 140 1032 
 158 738 
 404 242 
 224 318 
 360 474 
 279 925 
 353 231 
 64 304 
 294 1670 
 493 115 
 96 447 
 229 244 
 158 118 
 675 212 
 495 738 
 662 204 
 580 946 
 99 302 
 220 1291 
 179 116 
 252 1365 
 722 29 
 153 804 
 426 1397 
 353 301 
 61 733 
 691 1300 
 484 1355 
 232 231 
 400 713 
 126 118 
 691 492 
 577 496 
 502 301 
 301 1053 
 261 301 
 684 741 
 26 1331 
 99 733 
 693 55 
 639 304 
 497 66 
 158 116 
 580 215 
 143 501 
 662 1034 
 692 738 
 722 1768 
 722 867 
 662 345 
 678 225 
 319 751 
 687 1044 
 728 574 
 210 1786 
 96 1699 
 179 39 
 152 693 
 210 1638 
 241 1522 
 580 103 
 164 740 
 684 735 
 492 804 
 637 1194 
 188 602 
 543 244 
 418 59 
 643 225 
 577 442 
 533 303 
 577 1844 
 96 1859 
 693 21 
 301 116 
 722 1898 
 607 219 
 78 744 
 385 1534 
 613 361 
 662 1491 
 250 693 
 58 1523 
 527 225 
 108 738 
 693 431 
 104 301 
 169 744 
 182 496 
 488 238 
 474 580 
 691 70 
 117 219 
 675 1824 
 364 744 
 708 1667 
 159 733 
 210 946 
 377 1243 
 591 1173 
 350 1046 
 607 744 
 21 1010 
 152 303 
 64 1522 
 675 1759 
 488 118 
 414 735 
 200 225 
 252 1124 
 683 185 
 496 380 
 684 736 
 352 501 
 488 693 
 121 302 
 533 302 
 675 1884 
 454 804 
 156 500 
 281 303 
 96 1138 
 227 1524 
 657 1043 
 163 1568 
 340 1667 
 280 744 
 179 1524 
 181 1523 
 667 115 
 147 115 
 473 116 
 691 1430 
 395 301 
 333 231 
 254 225 
 730 718 
 140 326 
 353 39 
 210 1763 
 691 1629 
 693 888 
 493 496 
 577 1141 
 464 1673 
 319 740 
 280 1523 
 87 738 
 580 1844 
 472 739 
 497 1046 
 404 244 
 728 1300 
 511 231 
 65 1667 
 697 225 
 691 1126 
 570 738 
 280 1043 
 61 219 
 210 341 
 271 220 
 163 751 
 319 323 
 578 1307 
 435 734 
 455 1871 
 580 1786 
 140 1706 
 693 1068 
 210 1086 
 207 1399 
 580 888 
 210 1305 
 530 1046 
 104 238 
 657 115 
 675 336 
 657 1672 
 303 693 
 311 220 
 504 1668 
 722 1034 
 121 225 
 37 1360 
 591 584 
 182 741 
 35 1123 
 691 901 
 140 1570 
 445 238 
 418 278 
 580 1676 
 244 302 
 401 744 
 722 1724 
 395 740 
 227 231 
 662 1638 
 580 1721 
 192 303 
 691 1665 
 39 581 
 358 1668 
 60 225 
 80 115 
 728 99 
 414 567 
 185 1524 
 280 122 
 169 225 
 210 344 
 210 555 
 490 1311 
 121 1523 
 493 646 
 145 122 
 531 738 
 231 1360 
 577 354 
 96 1793 
 558 737 
 677 231 
 550 242 
 546 862 
 220 1807 
 488 738 
 140 1060 
 577 1849 
 468 250 
 63 231 
 529 1473 
 169 116 
 702 220 
 546 354 
 239 740 
 151 498 
 507 739 
 580 226 
 579 220 
 577 346 
 722 1555 
 99 225 
 148 1401 
 679 1861 
 546 496 
 244 739 
 488 1815 
 163 898 
 658 735 
 239 225 
 253 1673 
 342 116 
 96 1901 
 430 925 
 145 219 
 63 703 
 280 1524 
 142 1654 
 263 702 
 121 250 
 675 950 
 321 925 
 64 303 
 531 238 
 691 1593 
 684 231 
 185 1183 
 131 693 
 677 116 
 244 1524 
 577 226 
 155 115 
 722 21 
 691 1004 
 615 605 
 564 677 
 520 231 
 566 301 
 140 1417 
 609 1429 
 533 735 
 497 496 
 117 39 
 96 105 
 64 1673 
 140 740 
 257 747 
 350 713 
 595 1243 
 690 298 
 58 39 
 675 1091 
 133 220 
 182 238 
 149 735 
 387 734 
 577 529 
 312 804 
 324 1669 
 271 301 
 570 116 
 35 1113 
 270 722 
 675 345 
 421 167 
 140 739 
 577 102 
 273 1532 
 186 231 
 63 738 
 577 356 
 210 345 
 580 1373 
 252 487 
 104 741 
 291 740 
 71 1670 
 261 238 
 691 923 
 695 389 
 650 75 
 350 1010 
 161 1360 
 675 347 
 252 1678 
 395 303 
 693 946 
 414 733 
 507 238 
 580 1270 
 227 118 
 657 1046 
 356 739 
 607 1524 
 678 302 
 99 305 
 301 580 
 580 1032 
 578 1162 
 87 740 
 722 966 
 577 1757 
 693 346 
 580 1303 
 140 352 
 210 1193 
 693 1304 
 275 250 
 691 1138 
 199 443 
 558 304 
 164 830 
 571 830 
 104 830 
 400 303 
 658 736 
 334 1401 
 472 115 
 715 244 
 693 62 
 356 1043 
 64 1252 
 420 718 
 677 242 
 564 323 
 658 242 
 271 1524 
 577 446 
 479 739 
 185 1184 
 122 740 
 360 830 
 497 1635 
 513 1670 
 627 1914 
 427 250 
 691 1759 
 368 370 
 495 225 
 72 301 
 210 1678 
 675 529 
 210 854 
 577 1086 
 693 1590 
 201 738 
 276 734 
 389 895 
 350 1822 
 673 1114 
 368 1667 
 691 1553 
 666 1523 
 577 1661 
 48 702 
 80 1029 
 35 602 
 318 693 
 400 116 
 684 118 
 254 744 
 511 118 
 280 39 
 159 115 
 684 242 
 693 1066 
 263 1154 
 99 1523 
 216 116 
 101 112 
 207 1450 
 421 669 
 270 739 
 546 898 
 497 231 
 281 1523 
 691 1101 
 579 1589 
 718 1506 
 227 115 
 129 219 
 96 854 
 210 1548 
 558 738 
 657 303 
 678 1523 
 64 1043 
 59 736 
 691 888 
 631 116 
 529 738 
 540 883 
 303 1524 
 496 823 
 560 830 
 502 242 
 395 744 
 693 1830 
 101 59 
 580 961 
 533 830 
 580 435 
 59 231 
 140 799 
 208 1669 
 381 504 
 140 867 
 288 238 
 416 1361 
 76 744 
 455 1668 
 109 1524 
 290 1669 
 577 1891 
 691 426 
 579 734 
 722 1441 
 64 693 
 324 1668 
 288 225 
 263 751 
 412 734 
 387 39 
 140 1033 
 280 361 
 301 122 
 91 830 
 43 735 
 550 39 
 64 242 
 240 894 
 323 580 
 159 739 
 155 118 
 567 303 
 725 1554 
 281 1524 
 437 244 
 502 304 
 511 1522 
 558 718 
 354 1807 
 323 602 
 713 116 
 377 540 
 168 219 
 164 304 
 691 1107 
 648 1114 
 580 851 
 179 740 
 399 1355 
 63 1044 
 211 1361 
 488 302 
 688 302 
 236 1361 
 264 1529 
 580 1571 
 488 744 
 691 1364 
 140 20 
 684 220 
 121 219 
 517 1524 
 472 1522 
 254 303 
 662 1669 
 273 400 
 684 718 
 60 118 
 722 612 
 693 1138 
 210 887 
 429 184 
 605 894 
 393 572 
 348 1667 
 368 1868 
 280 225 
 429 303 
 662 1570 
 318 1448 
 334 1399 
 200 743 
 214 301 
 210 99 
 401 305 
 182 220 
 64 830 
 96 492 
 252 555 
 533 225 
 693 1898 
 402 734 
 64 185 
 182 231 
 329 693 
 722 548 
 179 738 
 350 301 
 507 1154 
 502 740 
 246 619 
 175 862 
 122 741 
 423 1523 
 311 734 
 140 341 
 131 751 
 301 1522 
 122 733 
 138 143 
 238 244 
 702 238 
 543 238 
 484 1354 
 396 1044 
 271 302 
 182 549 
 580 334 
 210 293 
 76 740 
 229 830 
 136 1914 
 577 341 
 722 1554 
 722 270 
 261 116 
 693 1362 
 185 677 
 113 380 
 59 225 
 722 198 
 253 1154 
 529 301 
 271 1523 
 675 226 
 728 1901 
 254 496 
 507 830 
 722 341 
 68 289 
 464 830 
 675 428 
 163 1154 
 652 1669 
 214 238 
 57 719 
 178 739 
 96 1282 
 280 115 
 121 677 
 613 804 
 59 303 
 352 504 
 101 484 
 693 1086 
 404 830 
 16 719 
 96 915 
 300 733 
 163 804 
 350 1186 
 57 1736 
 96 1299 
 400 301 
 210 1570 
 129 225 
 722 1262 
 634 714 
 496 740 
 693 1273 
 502 266 
 26 228 
 216 1524 
 321 1778 
 222 1361 
 516 1532 
 495 1524 
 117 303 
 226 1212 
 445 740 
 730 220 
 311 244 
 502 225 
 577 1852 
 578 355 
 696 1524 
 677 733 
 146 733 
 210 1572 
 546 740 
 64 738 
 693 1443 
 662 1365 
 261 118 
 577 103 
 95 1668 
 693 1844 
 580 496 
 580 1858 
 607 238 
 214 739 
 605 895 
 580 439 
 577 1528 
 60 734 
 691 851 
 546 1167 
 364 489 
 140 1141 
 684 302 
 579 116 
 691 1365 
 29 1043 
 670 1268 
 356 303 
 200 115 
 684 244 
 182 1522 
 694 302 
 277 115 
 420 114 
 693 1585 
 252 1581 
 196 830 
 691 817 
 696 1523 
 678 303 
 577 345 
 58 739 
 311 231 
 244 830 
 547 504 
 638 1311 
 176 1360 
 59 740 
 580 765 
 728 308 
 477 602 
 657 231 
 159 738 
 696 738 
 389 1667 
 113 303 
 693 342 
 264 285 
 168 304 
 42 115 
 58 118 
 115 185 
 609 804 
 291 115 
 280 1153 
 497 1154 
 580 915 
 583 1360 
 558 1524 
 722 334 
 64 266 
 697 734 
 693 1302 
 98 303 
 580 99 
 273 830 
 178 238 
 653 1361 
 323 804 
 181 115 
 726 854 
 677 823 
 69 225 
 650 686 
 722 887 
 159 122 
 520 219 
 17 703 
 229 242 
 163 1210 
 159 231 
 515 738 
 675 867 
 496 182 
 168 1243 
 247 830 
 366 238 
 148 1210 
 580 348 
 153 363 
 490 122 
 140 204 
 158 115 
 104 219 
 402 220 
 691 1706 
 76 1532 
 64 1154 
 497 301 
 558 225 
 124 242 
 414 244 
 185 380 
 502 250 
 577 564 
 17 1654 
 713 718 
 350 730 
 99 118 
 63 1522 
 528 315 
 385 218 
 64 580 
 431 1360 
 675 1590 
 244 231 
 720 1782 
 182 225 
 570 1523 
 702 184 
 693 913 
 675 342 
 675 888 
 504 1665 
 210 1852 
 461 634 
 169 1311 
 677 302 
 613 1044 
 20 488 
 191 830 
 693 1032 
 693 1536 
 516 225 
 396 1045 
 502 115 
 580 270 
 693 1548 
 691 28 
 288 718 
 583 1361 
 96 876 
 662 326 
 660 830 
 370 242 
 722 166 
 723 811 
 693 1035 
 454 751 
 154 225 
 182 743 
 675 608 
 564 1495 
 104 115 
 341 116 
 722 912 
 566 743 
 567 304 
 36 830 
 468 242 
 337 122 
 684 738 
 60 238 
 693 1676 
 72 1620 
 115 830 
 104 116 
 511 740 
 261 115 
 472 122 
 318 1429 
 227 122 
 693 102 
 393 143 
 667 301 
 297 1044 
 454 1879 
 389 1670 
 617 693 
 691 1901 
 145 736 
 468 255 
 580 1124 
 662 1126 
 429 956 
 577 1531 
 402 740 
 579 744 
 68 609 
 200 1589 
 691 204 
 402 738 
 23 125 
 731 115 
 80 225 
 693 1866 
 484 1351 
 359 804 
 678 744 
 211 1360 
 48 1807 
 126 115 
 281 744 
 674 305 
 288 219 
 722 1769 
 273 739 
 362 898 
 675 1303 
 578 1163 
 141 414 
 417 225 
 239 219 
 59 118 
 658 244 
 543 302 
 239 1524 
 23 130 
 693 347 
 153 361 
 675 1305 
 722 651 
 68 1291 
 210 52 
 216 122 
 311 304 
 343 182 
 96 1548 
 611 925 
 104 734 
 497 1043 
 546 1291 
 223 1007 
 546 1522 
 722 1193 
 693 1741 
 567 118 
 125 1353 
 281 301 
 122 718 
 658 303 
 210 1568 
 185 1044 
 449 1914 
 165 830 
 639 303 
 688 734 
 291 231 
 152 115 
 543 734 
 117 739 
 691 1172 
 149 225 
 117 734 
 693 482 
 693 1296 
 337 303 
 216 738 
 200 733 
 679 942 
 580 1548 
 171 1522 
 136 1010 
 609 338 
 524 894 
 296 225 
 321 928 
 662 555 
 140 961 
 691 448 
 580 1296 
 385 739 
 566 115 
 337 738 
 117 115 
 159 303 
 502 932 
 580 1590 
 496 1674 
 685 1668 
 395 122 
 722 1665 
 289 1154 
 722 1718 
 236 1630 
 693 816 
 344 469 
 17 894 
 675 446 
 693 496 
 164 238 
 558 301 
 401 740 
 168 231 
 210 1859 
 58 225 
 238 735 
 482 1807 
 453 306 
 26 1330 
 140 574 
 196 1473 
 181 733 
 288 739 
 501 1550 
 281 220 
 580 482 
 140 203 
 358 244 
 275 220 
 94 735 
 159 718 
 210 1417 
 429 305 
 495 231 
 140 1298 
 516 116 
 722 1535 
 691 449 
 693 685 
 98 302 
 196 244 
 210 1901 
 305 278 
 726 29 
 26 150 
 189 167 
 364 718 
 497 1604 
 291 733 
 158 1523 
 580 1101 
 140 1598 
 404 303 
 580 1091 
 318 1399 
 58 744 
 580 1723 
 612 718 
 229 250 
 640 1405 
 691 1391 
 178 250 
 558 830 
 722 854 
 352 500 
 195 1607 
 374 1238 
 232 1522 
 401 739 
 319 185 
 722 641 
 543 242 
 236 1360 
 413 1046 
 122 1522 
 684 301 
 454 1619 
 191 250 
 140 487 
 723 1665 
 140 24 
 96 355 
 693 1126 
 580 1629 
 35 1075 
 691 1606 
 166 739 
 401 231 
 607 231 
 393 1357 
 252 888 
 377 1532 
 493 225 
 570 225 
 578 1665 
 289 898 
 691 1866 
 335 302 
 475 830 
 143 502 
 192 830 
 59 743 
 622 504 
 579 302 
 664 1817 
 678 740 
 691 867 
 693 555 
 537 1668 
 181 718 
 327 441 
 101 804 
 284 651 
 497 302 
 96 1156 
 115 581 
 175 1397 
 163 1454 
 239 928 
 313 116 
 350 804 
 722 1585 
 577 351 
 493 739 
 580 867 
 69 735 
 140 442 
 566 738 
 722 492 
 577 426 
 540 278 
 684 305 
 48 1522 
 698 184 
 214 830 
 153 926 
 374 1252 
 402 238 
 657 225 
 348 1670 
 244 225 
 493 309 
 643 118 
 558 302 
 15 380 
 30 250 
 238 734 
 350 304 
 697 238 
 693 147 
 497 744 
 350 1292 
 418 306 
 429 719 
 233 1523 
 37 1243 
 210 355 
 486 702 
 662 343 
 103 1044 
 722 55 
 80 1522 
 289 1605 
 127 1469 
 658 225 
 693 1535 
 693 226 
 577 1763 
 117 114 
 527 738 
 531 1534 
 669 848 
 236 386 
 543 735 
 364 738 
 178 1522 
 63 361 
 472 238 
 179 540 
 210 149 
 39 1399 
 722 1859 
 140 733 
 693 1270 
 581 128 
 329 1360 
 99 739 
 210 323 
 98 399 
 85 1044 
 96 564 
 140 877 
 271 1522 
 662 816 
 395 225 
 198 1799 
 244 733 
 254 733 
 207 1449 
 177 581 
 282 249 
 558 220 
 154 231 
 280 1522 
 80 733 
 543 738 
 490 118 
 436 1669 
 164 739 
 303 361 
 210 1254 
 353 738 
 566 718 
 64 1044 
 675 431 
 63 363 
 728 1752 
 252 1904 
 578 1172 
 531 303 
 41 1879 
 216 830 
 98 301 
 60 735 
 96 293 
 675 1572 
 96 1821 
 328 365 
 96 888 
 30 244 
 475 39 
 693 576 
 117 238 
 693 1305 
 324 1670 
 169 118 
 280 738 
 691 801 
 104 498 
 592 1871 
 37 804 
 675 340 
 252 854 
 268 1046 
 29 1524 
 35 1779 
 101 1361 
 691 431 
 72 830 
 252 1243 
 527 740 
 294 1667 
 468 693 
 145 231 
 714 244 
 271 304 
 691 765 
 688 304 
 52 363 
 580 1901 
 343 792 
 671 118 
 494 1779 
 358 1667 
 566 118 
 469 955 
 210 817 
 675 1491 
 364 302 
 675 489 
 511 738 
 17 898 
 627 235 
 64 302 
 662 867 
 674 304 
 57 677 
 103 830 
 98 225 
 558 740 
 580 830 
 347 1522 
 122 225 
 728 867 
 60 116 
 580 816 
 60 231 
 319 730 
 684 304 
 449 75 
 542 1243 
 458 895 
 545 250 
 675 52 
 39 1400 
 185 925 
 204 39 
 64 115 
 580 358 
 80 830 
 580 1284 
 580 1898 
 33 830 
 530 1043 
 129 1674 
 15 361 
 675 346 
 511 718 
 169 303 
 134 830 
 316 894 
 693 70 
 457 115 
 280 496 
 311 735 
 643 122 
 356 830 
 693 1901 
 300 302 
 684 122 
 289 1448 
 667 734 
 168 738 
 493 1522 
 677 734 
 420 219 
 697 220 
 280 250 
 675 1270 
 425 956 
 104 744 
 667 225 
 488 839 
 414 739 
 546 116 
 259 1446 
 697 735 
 379 1667 
 200 734 
 210 354 
 252 1670 
 296 302 
 731 740 
 140 350 
 350 489 
 270 363 
 675 1443 
 678 122 
 580 1193 
 659 116 
 579 738 
 405 280 
 69 302 
 675 1594 
 254 739 
 278 1584 
 99 301 
 140 630 
 693 1391 
 693 212 
 254 305 
 175 116 
 335 305 
 555 1549 
 71 1668 
 580 1851 
 580 1881 
 722 1911 
 675 1548 
 271 238 
 577 1862 
 164 225 
 175 1473 
 422 301 
 511 122 
 276 1243 
 493 740 
 567 738 
 662 340 
 61 734 
 168 225 
 693 1189 
 200 304 
 393 1353 
 417 231 
 727 1519 
 140 343 
 477 59 
 238 733 
 103 1043 
 288 738 
 78 1522 
 693 1257 
 691 1638 
 163 284 
 493 1154 
 566 305 
 564 719 
 401 1522 
 288 39 
 198 744 
 96 70 
 169 302 
 722 1172 
 280 302 
 96 1858 
 693 1107 
 364 740 
 328 639 
 140 447 
 580 1724 
 691 887 
 466 1522 
 580 800 
 728 355 
 94 733 
 717 225 
 654 804 
 291 743 
 580 55 
 63 639 
 693 434 
 73 182 
 201 301 
 311 737 
 522 1112 
 63 302 
 580 102 
 683 182 
 384 572 
 241 1523 
 214 580 
 261 744 
 533 733 
 182 1705 
 140 1786 
 546 1010 
 318 1291 
 140 446 
 250 709 
 358 1524 
 496 583 
 54 1112 
 693 28 
 691 1793 
 422 1779 
 517 1523 
 691 102 
 99 1469 
 63 1524 
 722 865 
 210 270 
 546 531 
 497 1044 
 42 739 
 42 740 
 280 118 
 395 116 
 661 830 
 350 1736 
 369 1109 
 662 1300 
 657 1044 
 163 929 
 371 1670 
 294 1668 
 379 1670 
 140 431 
 333 184 
 580 395 
 358 242 
 210 867 
 488 862 
 281 1291 
 419 741 
 502 118 
 675 350 
 311 305 
 232 238 
 281 734 
 693 211 
 221 925 
 502 1029 
 313 115 
 647 1361 
 502 1030 
 639 238 
 689 138 
 658 1045 
 577 1568 
 380 1243 
 722 348 
 96 99 
 216 733 
 83 1529 
 238 219 
 181 1524 
 546 218 
 182 1523 
 675 1901 
 192 739 
 229 738 
 675 1665 
 59 301 
 238 242 
 675 914 
 358 1522 
 210 434 
 668 231 
 35 185 
 658 839 
 511 580 
 350 1523 
 289 719 
 558 739 
 642 303 
 657 738 
 300 738 
 466 303 
 140 18 
 511 238 
 5 1051 
 387 1523 
 515 1154 
 210 69 
 178 244 
 675 854 
 100 1044 
 496 738 
 423 639 
 693 1881 
 28 184 
 285 804 
 144 1350 
 358 1669 
 662 487 
 662 341 
 78 115 
 395 738 
 188 584 
 533 305 
 693 340 
 301 489 
 474 751 
 691 1308 
 201 302 
 253 830 
 138 639 
 529 739 
 182 733 
 249 242 
 405 386 
 261 718 
 316 441 
 675 1793 
 577 1678 
 691 52 
 131 211 
 696 830 
 381 500 
 691 1299 
 158 238 
 328 804 
 247 1311 
 531 1524 
 418 581 
 318 1427 
 60 718 
 311 115 
 520 220 
 300 219 
 580 212 
 494 81 
 233 718 
 613 1522 
 580 28 
 220 1292 
 494 804 
 675 1126 
 688 744 
 566 741 
 244 740 
 423 703 
 99 1473 
 693 492 
 570 740 
 662 208 
 78 738 
 365 932 
 495 830 
 502 1583 
 200 718 
 214 231 
 291 305 
 677 735 
 252 1300 
 595 1534 
 546 1620 
 327 549 
 729 318 
 693 1593 
 580 924 
 649 497 
 675 149 
 614 242 
 210 447 
 303 639 
 210 350 
 580 1440 
 140 1443 
 693 1150 
 175 1605 
 580 1567 
 529 1154 
 115 182 
 64 244 
 675 1364 
 99 114 
 353 118 
 726 1548 
 166 1807 
 722 496 
 58 740 
 299 1361 
 400 740 
 319 361 
 281 740 
 411 734 
 617 677 
 466 116 
 675 1757 
 677 244 
 657 301 
 169 718 
 104 303 
 391 1532 
 570 302 
 246 622 
 291 303 
 313 122 
 300 305 
 17 895 
 566 122 
 175 823 
 96 1881 
 182 302 
 63 182 
 214 1417 
 33 185 
 145 743 
 392 39 
 580 1308 
 658 581 
 693 1897 
 181 735 
 577 1824 
 145 718 
 677 736 
 199 1360 
 566 244 
 511 116 
 182 734 
 547 500 
 667 738 
 429 1522 
 677 744 
 194 1868 
 273 1524 
 140 685 
 136 1675 
 241 39 
 502 738 
 356 1154 
 501 581 
 466 830 
 347 739 
 254 839 
 168 735 
 360 114 
 90 1401 
 643 116 
 281 496 
 229 719 
 311 581 
 547 505 
 609 751 
 261 1043 
 580 1306 
 289 361 
 580 1767 
 710 1684 
 63 238 
 558 244 
 186 1522 
 722 1858 
 722 1706 
 531 302 
 368 1630 
 124 244 
 350 677 
 87 231 
 607 738 
 527 122 
 291 496 
 140 351 
 318 1450 
 76 122 
 722 1866 
 577 1665 
 543 739 
 360 1397 
 300 220 
 722 1186 
 78 225 
 675 427 
 76 302 
 113 739 
 140 1553 
 297 1154 
 468 677 
 254 1154 
 155 116 
 151 294 
 101 443 
 524 804 
 515 225 
 662 1396 
 580 1568 
 134 302 
 67 250 
 42 738 
 516 1524 
 675 28 
 132 116 
 210 492 
 691 1531 
 158 304 
 693 1566 
 440 785 
 373 255 
 675 429 
 671 244 
 140 1555 
 566 242 
 546 751 
 281 738 
 577 419 
 722 816 
 300 303 
 580 529 
 99 39 
 311 830 
 529 744 
 713 830 
 214 1524 
 64 301 
 232 225 
 577 1364 
 143 500 
 691 21 
 126 122 
 675 1593 
 358 1670 
 591 1871 
 138 804 
 121 242 
 254 39 
 319 1064 
 270 1879 
 65 1668 
 693 1033 
 558 1522 
 580 1855 
 59 238 
 715 242 
 579 238 
 566 303 
 100 1043 
 346 1361 
 210 913 
 657 718 
 163 496 
 545 242 
 472 740 
 152 116 
 58 238 
 731 122 
 303 804 
 266 830 
 502 185 
 474 1447 
 194 1871 
 693 442 
 675 1641 
 238 303 
 400 677 
 290 1670 
 493 1046 
 580 18 
 607 737 
 577 1491 
 481 822 
 187 225 
 678 231 
 693 1156 
 252 1035 
 337 118 
 224 1807 
 677 1589 
 104 718 
 301 1523 
 580 1752 
 693 1636 
 400 122 
 533 734 
 678 738 
 96 448 
 496 581 
 311 740 
 188 59 
 254 116 
 367 639 
 229 739 
 596 306 
 693 922 
 691 924 
 579 225 
 163 1605 
 497 740 
 185 540 
 58 718 
 321 1534 
 654 1524 
 567 305 
 289 1454 
 345 1046 
 364 118 
 233 1524 
 254 1524 
 220 1534 
 459 1209 
 566 1522 
 341 115 
 549 1046 
 210 1723 
 657 1522 
 354 1044 
 177 167 
 667 1522 
 163 115 
 350 244 
 236 785 
 580 555 
 159 735 
 493 266 
 582 1870 
 96 108 
 140 1305 
 129 839 
 276 737 
 503 804 
 677 738 
 684 1524 
 69 238 
 658 830 
 675 1531 
 65 1669 
 120 639 
 76 738 
 722 1304 
 26 1336 
 691 1769 
 511 303 
 527 303 
 693 1278 
 390 1578 
 58 303 
 152 39 
 657 1524 
 515 1522 
 580 447 
 292 225 
 61 220 
 368 1668 
 252 1859 
 725 352 
 254 304 
 238 738 
 343 793 
 693 1271 
 159 830 
 122 238 
 271 735 
 280 1044 
 337 739 
 613 1046 
 179 1523 
 282 370 
 501 1549 
 490 703 
 658 231 
 179 231 
 390 1532 
 708 1669 
 692 956 
 364 231 
 579 740 
 691 1568 
 182 114 
 316 733 
 693 1279 
 423 804 
 564 496 
 182 1405 
 722 1855 
 117 302 
 459 830 
 662 346 
 677 1154 
 200 303 
 261 231 
 722 1426 
 140 344 
 580 1606 
 168 1532 
 64 822 
 440 1868 
 570 231 
 288 231 
 195 1684 
 693 1091 
 122 231 
 53 740 
 580 1769 
 545 244 
 693 950 
 117 1405 
 570 39 
 370 738 
 691 447 
 238 220 
 42 718 
 131 816 
 140 1881 
 482 1693 
 722 1420 
 268 1043 
 678 301 
 258 414 
 138 1429 
 658 739 
 631 1473 
 577 1303 
 186 1670 
 371 1668 
 16 1807 
 33 925 
 484 1530 
 354 1153 
 693 1004 
 168 733 
 453 318 
 210 608 
 580 1442 
 412 738 
 210 1581 
 96 1767 
 675 1295 
 443 59 
 722 480 
 580 269 
 693 341 
 566 1274 
 158 225 
 348 1669 
 227 238 
 220 1348 
 210 1279 
 261 302 
 547 503 
 315 1243 
 301 1524 
 436 1668 
 261 303 
 60 677 
 356 1044 
 210 1767 
 133 301 
 513 1667 
 152 238 
 280 304 
 63 739 
 280 354 
 502 1524 
 728 356 
 149 238 
 728 1491 
 161 285 
 169 122 
 254 118 
 693 1706 
 121 231 
 366 1175 
 693 1724 
 507 244 
 691 429 
 78 740 
 675 442 
 678 1522 
 493 738 
 140 1491 
 268 1044 
 248 1043 
 311 39 
 484 1357 
 516 220 
 662 1298 
 527 739 
 163 730 
 472 744 
 63 185 
 396 830 
 577 1536 
 580 1335 
 691 1699 
 675 1060 
 497 1523 
 400 115 
 85 1043 
 717 238 
 722 815 
 695 1210 
 580 1126 
 657 1815 
 142 1807 
 179 925 
 178 323 
 185 361 
 580 548 
 358 496 
 182 39 
 77 589 
 239 830 
 479 738 
 658 751 
 580 966 
 577 1570 
 261 1405 
 186 1523 
 99 744 
 140 1629 
 13 488 
 728 492 
 436 1667 
 502 1043 
 468 580 
 451 1870 
 566 116 
 398 1534 
 408 1361 
 117 225 
 299 386 
 96 851 
 191 244 
 708 1668 
 261 830 
 577 817 
 64 1523 
 393 1354 
 528 751 
 157 515 
 99 1522 
 466 115 
 145 734 
 26 804 
 400 744 
 520 238 
 722 426 
 281 116 
 580 901 
 685 1669 
 675 447 
 502 1044 
 210 1821 
 693 208 
 37 751 
 200 244 
 693 924 
 566 238 
 303 1153 
 337 39 
 96 212 
 722 1629 
 507 302 
 76 830 
 315 1534 
 129 220 
 117 733 
 570 238 
 678 304 
 477 702 
 607 303 
 96 480 
 728 203 
 312 639 
 354 804 
 254 302 
 159 238 
 484 1353 
 580 1751 
 26 329 
 693 1307 
 722 1033 
 577 608 
 668 238 
 675 851 
 393 144 
 152 740 
 577 293 
 319 925 
 61 231 
 675 343 
 200 736 
 354 301 
 140 608 
 155 740 
 711 730 
 436 1670 
 164 231 
 655 730 
 63 76 
 429 549 
 380 741 
 78 1524 
 210 1124 
 579 718 
 364 733 
 427 244 
 691 912 
 722 1107 
 200 231 
 385 1243 
 252 1154 
 675 1852 
 662 1035 
 127 739 
 248 1046 
 691 419 
 332 1667 
 567 718 
 580 492 
 369 75 
 387 1524 
 134 225 
 300 693 
 332 1291 
 275 231 
 667 39 
 693 1665 
 254 738 
 401 238 
 419 739 
 241 739 
 277 116 
 456 925 
 358 677 
 144 502 
 513 1668 
 675 1391 
 261 1524 
 722 1032 
 159 740 
 443 1777 
 280 185 
 609 818 
 728 351 
 281 304 
 158 303 
 166 830 
 693 608 
 570 830 
 288 736 
 186 1360 
 691 1906 
 693 887 
 261 1522 
 238 304 
 533 220 
 429 733 
 639 220 
 63 303 
 509 469 
 677 740 
 299 1360 
 20 380 
 695 388 
 580 1821 
 580 1189 
 140 1291 
 511 225 
 58 116 
 580 323 
 580 21 
 577 1298 
 168 220 
 472 718 
 140 492 
 580 1279 
 167 1280 
 728 1859 
 238 225 
 422 1120 
 577 1581 
 562 740 
 728 323 
 562 303 
 636 301 
 637 116 
 88 804 
 670 1273 
 580 418 
 15 1410 
 454 1186 
 482 1662 
 380 830 
 580 685 
 104 118 
 129 1673 
 61 305 
 670 1267 
 134 1667 
 210 612 
 677 303 
 80 955 
 182 303 
 639 744 
 447 1669 
 125 1354 
 281 302 
 577 555 
 577 923 
 676 718 
 577 1881 
 316 895 
 99 718 
 580 817 
 671 303 
 502 302 
 726 851 
 664 1509 
 384 655 
 693 1661 
 145 116 
 543 220 
 422 35 
 58 1522 
 577 1597 
 280 242 
 140 1763 
 450 804 
 139 1522 
 670 1271 
 166 1914 
 402 733 
 577 1793 
 722 434 
 280 231 
 163 361 
 488 1043 
 140 612 
 490 862 
 533 738 
 96 685 
 691 69 
 196 116 
 96 323 
 387 220 
 580 343 
 580 641 
 148 1668 
 667 718 
 570 115 
 146 303 
 173 1361 
 350 1654 
 675 323 
 261 581 
 714 242 
 138 1532 
 577 69 
 328 1524 
 577 1594 
 580 1535 
 98 898 
 577 343 
 354 363 
 96 1706 
 693 1365 
 76 1523 
 663 1223 
 140 1548 
 459 1523 
 613 118 
 527 116 
 580 1300 
 252 1086 
 252 1699 
 131 677 
 181 744 
 562 302 
 182 304 
 562 741 
 48 1429 
 580 446 
 361 1044 
 96 555 
 722 1335 
 657 39 
 238 718 
 178 496 
 722 1568 
 140 1767 
 183 1534 
 179 114 
 685 1670 
 566 219 
 99 830 
 238 744 
 140 1107 
 580 1302 
 691 1362 
 639 740 
 254 231 
 673 1115 
 158 231 
 657 238 
 667 116 
 248 1044 
 677 737 
 140 801 
 210 851 
 722 1657 
 646 894 
 140 102 
 667 304 
 708 1670 
 20 1010 
 213 707 
 722 147 
 579 1524 
 140 1721 
 210 1308 
 622 502 
 281 122 
 691 496 
 350 744 
 273 822 
 493 795 
 216 739 
 254 1044 
 60 740 
 241 242 
 445 225 
 173 386 
 398 231 
 281 323 
 693 323 
 580 1282 
 265 492 
 405 1360 
 678 116 
 631 1673 
 20 1630 
 195 370 
 515 1524 
 319 1429 
 352 502 
 648 1115 
 693 548 
 580 89 
 579 231 
 104 549 
 401 114 
 252 1141 
 239 238 
 366 677 
 420 751 
 459 740 
 678 718 
 577 427 
 58 122 
 577 355 
 158 302 
 387 741 
 182 736 
 144 500 
 239 220 
 113 225 
 179 739 
 488 718 
 353 304 
 214 1522 
 140 208 
 244 742 
 281 735 
 662 103 
 385 741 
 663 397 
 140 428 
 496 966 
 722 40 
 64 846 
 117 743 
 318 1428 
 515 1777 
 691 226 
 400 304 
 53 1523 
 578 354 
 186 1524 
 210 212 
 185 66 
 722 817 
 423 1522 
 356 244 
 488 116 
 510 1527 
 497 354 
 693 1570 
 649 235 
 59 305 
 210 1629 
 450 792 
 495 740 
 650 1895 
 316 184 
 693 529 
 179 225 
 61 301 
 493 303 
 80 740 
 613 738 
 613 225 
 507 744 
 140 1086 
 319 920 
 566 740 
 181 739 
 214 118 
 675 492 
 60 301 
 693 1141 
 613 639 
 731 302 
 579 733 
 367 804 
 72 489 
 153 1153 
 300 1654 
 429 301 
 133 219 
 532 639 
 693 1884 
 163 719 
 246 620 
 66 1511 
 140 103 
 695 1212 
 420 220 
 234 1361 
 181 1522 
 657 1523 
 500 370 
 261 496 
 722 529 
 140 424 
 298 804 
 515 733 
 138 761 
 577 1302 
 558 733 
 138 850 
 127 830 
 288 830 
 493 1044 
 129 744 
 577 1874 
 252 204 
 319 238 
 660 823 
 308 1523 
 495 122 
 59 244 
 152 1524 
 577 1866 
 405 1630 
 667 733 
 129 1523 
 229 740 
 580 1004 
 679 830 
 515 1523 
 216 118 
 117 718 
 245 581 
 402 122 
 693 1666 
 529 1522 
 662 1417 
 580 20 
 577 1638 
 662 1593 
 200 1046 
 260 231 
 61 225 
 319 1291 
 236 1868 
 24 118 
 140 744 
 389 1668 
 422 81 
 488 231 
 658 738 
 728 1270 
 240 185 
 658 1524 
 54 1360 
 148 895 
 577 1254 
 377 932 
 22 1524 
 580 1531 
 493 302 
 691 922 
 657 167 
 580 1060 
 206 242 
 653 1360 
 675 685 
 469 956 
 98 744 
 238 231 
 291 302 
 280 830 
 580 1190 
 482 167 
 96 28 
 140 817 
 354 361 
 567 301 
 447 1670 
 53 1522 
 22 184 
 276 735 
 144 459 
 722 1531 
 678 118 
 254 1043 
 527 718 
 578 1305 
 580 576 
 551 1868 
 580 40 
 580 1718 
 229 1473 
 289 730 
 577 203 
 650 1900 
 693 354 
 265 851 
 543 862 
 577 1060 
 60 736 
 318 1449 
 271 225 
 301 115 
 192 302 
 540 1415 
 494 1112 
 210 915 
 497 225 
 59 830 
 239 244 
 666 1524 
 63 301 
 350 1210 
 59 1524 
 511 830 
 395 718 
 48 751 
 311 733 
 64 744 
 229 744 
 558 115 
 414 242 
 580 62 
 60 737 
 551 1280 
 337 115 
 291 737 
 520 225 
 713 122 
 691 555 
 340 1670 
 447 1667 
 236 1776 
 578 1852 
 662 492 
 165 1046 
 214 115 
 658 744 
 693 1303 
 577 448 
 96 1270 
 177 1704 
 693 350 
 562 738 
 547 501 
 502 231 
 17 1599 
 662 608 
 194 1280 
 353 830 
 281 733 
 449 1852 
 578 1417 
 403 1668 
 688 238 
 80 1524 
 307 1102 
 579 244 
 140 1585 
 291 242 
 158 744 
 464 1675 
 185 744 
 364 301 
 493 304 
 185 738 
 210 431 
 693 1060 
 252 1297 
 177 606 
 35 1108 
 722 574 
 571 677 
 239 1523 
 678 115 
 676 1405 
 261 1583 
 508 677 
 252 323 
 693 1284 
 233 39 
 417 238 
 722 1721 
 100 1046 
 38 39 
 207 1401 
 728 1156 
 345 1044 
 120 804 
 96 270 
 99 122 
 238 238 
 488 1044 
 675 203 
 99 738 
 169 1522 
 524 895 
 658 718 
 497 1522 
 722 1572 
 580 426 
 493 1583 
 210 343 
 662 447 
 134 303 
 210 1300 
 577 967 
 210 356 
 693 630 
 216 1576 
 711 1789 
 147 118 
 580 1555 
 422 1386 
 693 152 
 145 744 
 693 915 
 527 115 
 260 219 
 670 1274 
 675 426 
 59 302 
 693 1700 
 117 744 
 566 733 
 290 1668 
 69 733 
 22 733 
 311 1524 
 281 118 
 276 733 
 64 786 
 675 208 
 570 118 
 713 118 
 96 1570 
 284 326 
 580 1763 
 580 899 
 311 1243 
 217 925 
 423 1534 
 164 301 
 524 733 
 350 156 
 718 370 
 472 118 
 502 744 
 196 242 
 84 804 
 566 734 
 174 1155 
 261 1154 
 456 116 
 140 1823 
 369 1123 
 232 733 
 722 149 
 502 739 
 531 830 
 400 118 
 96 1305 
 551 719 
 104 305 
 200 830 
 113 733 
 693 1742 
 567 116 
 101 1360 
 185 303 
 488 733 
 580 1884 
 684 740 
 23 126 
 319 399 
 164 303 
 395 115 
 367 783 
 507 250 
 63 1879 
 728 1767 
 20 160 
 607 225 
 361 1046 
 722 1297 
 546 719 
 726 1417 
 528 489 
 402 219 
 132 122 
 96 1879 
 73 185 
 666 1522 
 59 220 
 149 733 
 145 740 
 238 739 
 695 383 
 580 1259 
 145 741 
 35 81 
 280 303 
 479 740 
 722 482 
 577 349 
 693 1678 
 677 301 
 321 804 
 580 350 
 675 351 
 511 302 
 684 1589 
 722 801 
 168 739 
 154 1522 
 722 18 
 650 1701 
 728 612 
 252 1638 
 226 1529 
 581 130 
 580 1748 
 497 39 
 369 81 
 72 804 
 580 1257 
 227 1046 
 674 301 
 182 1532 
 300 739 
 98 735 
 210 1299 
 684 734 
 140 555 
 268 66 
 140 1270 
 296 219 
 653 609 
 507 301 
 577 55 
 546 1243 
 350 123 
 497 115 
 653 1630 
 80 735 
 466 118 
 159 1405 
 182 738 
 144 501 
 693 149 
 473 718 
 497 1524 
 695 385 
 677 118 
 662 350 
 210 888 
 657 302 
 291 744 
 210 1699 
 64 739 
 655 1176 
 558 219 
 314 1361 
 350 302 
 80 744 
 59 219 
 543 733 
 271 718 
 379 1668 
 577 1567 
 658 733 
 236 370 
 533 231 
 200 739 
 678 1405 
 37 689 
 276 740 
 140 1299 
 140 449 
 530 604 
 613 238 
 307 185 
 677 238 
 566 744 
 658 734 
 564 867 
 373 244 
 64 225 
 725 581 
 96 1725 
 147 128 
 182 740 
 366 380 
 232 219 
 200 1154 
 674 302 
 240 1475 
 533 740 
 505 929 
 580 1033 
 497 413 
 368 1361 
 607 302 
 158 39 
 580 1299 
 673 1113 
 662 1891 
 693 395 
 720 317 
 504 895 
 64 740 
 96 867 
 300 301 
 98 734 
 200 735 
 664 498 
 275 1522 
 179 718 
 238 305 
 558 305 
 216 238 
 413 1044 
 145 115 
 418 1212 
 569 602 
 533 238 
 472 549 
 641 302 
 566 225 
 181 116 
 224 320 
 543 304 
 527 118 
 328 1532 
 675 1881 
 693 487 
 675 1035 
 350 380 
 405 1776 
 280 1154 
 662 1678 
 580 1907 
 300 304 
 78 1523 
 76 1522 
 472 1405 
 185 301 
 308 301 
 300 225 
 669 849 
 252 820 
 158 739 
 488 581 
 543 225 
 722 269 
 277 301 
 497 1445 
 39 1401 
 725 1665 
 253 301 
 311 1589 
 493 185 
 675 1193 
 536 242 
 158 1524 
 387 830 
 252 1524 
 350 231 
 401 1523 
 714 250 
 493 231 
 546 830 
 466 39 
 722 1884 
 495 1405 
 30 242 
 156 501 
 393 850 
 280 364 
 52 1368 
 422 1534 
 140 854 
 580 442 
 333 225 
 494 1109 
 723 851 
 659 118 
 689 1519 
 229 735 
 675 1254 
 226 285 
 200 238 
 511 744 
 577 867 
 414 250 
 279 751 
 679 167 
 252 1669 
 210 161 
 220 160 
 485 1523 
 722 293 
 18 702 
 546 804 
 328 1533 
 311 225 
 58 738 
 694 1524 
 87 739 
 319 488 
 252 1554 
 294 1669 
 684 744 
 722 774 
 675 103 
 23 128 
 236 1343 
 358 323 
 140 1365 
 204 1524 
 214 733 
 577 1126 
 722 1638 
 502 303 
 722 1391 
 101 1871 
 200 220 
 722 1440 
 693 1124 
 693 813 
 134 1670 
 722 1821 
 353 302 
 276 736 
 580 419 
 147 116 
 320 1524 
 264 1639 
 140 427 
 271 39 
 77 498 
 104 304 
 20 483 
 96 350 
 577 913 
 490 738 
 121 693 
 580 1747 
 662 1297 
 543 231 
 396 1046 
 11 819 
 693 447 
 275 244 
 437 242 
 504 1212 
 85 1046 
 687 1673 
 80 1523 
 558 303 
 675 1141 
 37 285 
 178 605 
 691 1581 
 571 1473 
 178 1043 
 691 564 
 693 480 
 679 35 
 291 736 
 192 1243 
 694 733 
 569 59 
 104 740 
 93 686 
 370 244 
 353 718 
 539 580 
 650 1902 
 472 303 
 562 739 
 140 804 
 311 219 
 580 1556 
 164 122 
 558 39 
 693 418 
 16 925 
 300 734 
 234 1669 
 318 1401 
 675 555 
 227 830 
 354 488 
 577 350 
 115 751 
 538 1473 
 210 448 
 497 122 
 693 1641 
 693 1759 
 113 736 
 140 1124 
 691 1396 
 617 898 
 126 39 
 214 738 
 692 955 
 722 1497 
 185 703 
 591 1868 
 117 220 
 650 4 
 662 1554 
 662 1305 
 496 839 
 334 1400 
 273 303 
 140 876 
 667 744 
 497 118 
 121 719 
 401 301 
 681 298 
 385 830 
 667 735 
 308 718 
 254 301 
 281 231 
 182 1044 
 60 303 
 485 286 
 691 108 
 580 1566 
 693 1101 
 693 1426 
 131 209 
 414 734 
 580 97 
 154 1524 
 722 351 
 699 1522 
 138 1153 
 140 29 
 693 448 
 691 1554 
 150 932 
 398 1532 
 186 1361 
 137 804 
 284 449 
 46 693 
 466 122 
 347 1360 
 684 733 
 316 1523 
 577 492 
 22 1522 
 42 1522 
 607 739 
 580 1572 
 579 830 
 531 1046 
 457 116 
 531 1044 
 697 736 
 185 238 
 694 303 
 287 278 
 216 1573 
 291 739 
 181 1473 
 516 740 
 288 220 
 139 219 
 103 1046 
 580 905 
 42 220 
 159 1524 
 691 442 
 371 1669 
 419 830 
 340 1669 
 603 733 
 488 735 
 335 184 
 110 219 
 261 122 
 475 122 
 185 231 
 662 1124 
 311 738 
 395 118 
 401 303 
 152 118 
 117 301 
 210 442 
 691 1678 
 693 343 
 564 488 
 675 1417 
 332 693 
 423 363 
 675 354 
 252 867 
 722 1362 
 210 548 
 210 1491 
 291 735 
 281 1167 
 693 105 
 479 735 
 113 737 
 207 1448 
 577 70 
 281 1473 
 139 238 
 200 1522 
 674 303 
 412 733 
 273 738 
 402 735 
 493 116 
 675 887 
 22 1523 
 289 942 
 181 738 
 354 639 
 182 1154 
 404 250 
 729 320 
 507 1523 
 570 718 
 662 203 
 99 1405 
 95 1667 
 556 637 
 200 744 
 63 1360 
 510 1871 
 200 738 
 273 231 
 675 69 
 722 630 
 350 306 
 485 1522 
 166 718 
 281 1405 
 401 118 
 474 1446 
 182 1311 
 667 302 
 279 1397 
 59 116 
 528 765 
 577 1598 
 577 209 
 650 1740 
 693 204 
 276 738 
 99 220 
 450 1212 
 98 1243 
 577 347 
 138 39 
 316 740 
 131 232 
 490 1522 
 169 220 
 377 218 
 216 1405 
 210 1060 
 18 59 
 411 735 
 472 301 
 311 238 
 675 801 
 216 718 
 418 309 
 152 739 
 254 1523 
 691 1852 
 99 1417 
 210 70 
 319 496 
 364 703 
 497 304 
 577 685 
 472 231 
 540 371 
 691 1881 
 96 102 
 227 1523 
 281 115 
 558 118 
 96 612 
 59 1589 
 580 1745 
 308 1524 
 463 1868 
 693 1908 
 691 446 
 682 1046 
 178 118 
 216 303 
 693 1606 
 252 1534 
 558 116 
 724 397 
 178 1523 
 433 1679 
 558 743 
 502 1046 
 98 740 
 546 1495 
 695 1209 
 319 1292 
 566 1524 
 693 1069 
 510 1868 
 358 301 
 98 738 
 341 122 
 609 785 
 140 340 
 580 24 
 342 118 
 353 116 
 226 751 
 533 739 
 529 39 
 360 925 
 386 1355 
 405 1291 
 214 1523 
 580 211 
 328 363 
 675 341 
 64 730 
 252 1491 
 580 1759 
 147 122 
 686 320 
 108 1677 
 149 231 
 113 744 
 289 1654 
 69 830 
 580 1365 
 76 303 
 558 736 
 96 1091 
 457 118 
 580 1585 
 658 304 
 314 1360 
 493 744 
 261 1044 
 400 225 
 214 116 
 29 1044 
 281 1673 
 693 1793 
 182 830 
 493 250 
 643 718 
 662 1033 
 726 447 
 580 1443 
 580 1678 
 192 738 
 457 122 
 577 208 
 179 744 
 580 1852 
 580 813 
 252 1126 
 650 1803 
 59 733 
 113 740 
 475 496 
 186 1669 
 690 1223 
 455 1868 
 580 913 
 495 1523 
 580 1035 
 159 116 
 658 862 
 169 1524 
 142 185 
 677 830 
 669 1837 
 579 242 
 580 630 
 19 830 
 96 354 
 515 804 
 96 913 
 261 740 
 232 1532 
 90 1448 
 270 1524 
 577 1305 
 164 738 
 691 482 
 350 1044 
 566 231 
 140 69 
 145 225 
 271 231 
 182 305 
 113 302 
 117 305 
 678 733 
 270 361 
 109 1010 
 210 529 
 70 1673 
 580 487 
 402 739 
 556 1673 
 63 1043 
 458 225 
 61 304 
 140 1034 
 38 225 
 459 1212 
 254 718 
 140 28 
 722 217 
 423 361 
 117 1522 
 537 1667 
 182 1046 
 76 301 
 546 1590 
 210 208 
 26 232 
 401 225 
 493 118 
 511 301 
 714 739 
 578 1901 
 449 1807 
 646 895 
 728 447 
 580 359 
 252 1667 
 454 693 
 402 736 
 281 739 
 159 744 
 234 1670 
 96 1295 
 280 740 
 531 703 
 580 1278 
 427 302 
 210 1293 
 315 718 
 289 580 
 300 713 
 401 489 
 369 1075 
 678 1524 
 682 1522 
 145 303 
 61 738 
 276 743 
 676 114 
 216 740 
 580 449 
 227 225 
 96 341 
 693 1592 
 76 718 
 140 1901 
 76 739 
 567 122 
 722 1725 
 353 1705 
 281 743 
 580 887 
 364 116 
 175 1154 
 692 739 
 353 225 
 577 1592 
 200 122 
 502 730 
 580 434 
 187 219 
 675 344 
 662 347 
 241 244 
 696 718 
 715 250 
 155 718 
 275 255 
 41 1534 
 337 740 
 469 739 
 580 1034 
 493 1523 
 216 744 
 402 744 
 344 1360 
 299 1868 
 543 219 
 186 203 
 502 1522 
 291 867 
 104 738 
 240 1282 
 577 1391 
 564 301 
 140 52 
 611 1397 
 479 751 
 494 830 
 580 346 
 210 449 
 117 116 
 490 925 
 163 354 
 384 664 
 330 1776 
 655 266 
 138 235 
 124 250 
 507 231 
 96 1751 
 8 231 
 475 115 
 192 39 
 543 1154 
 271 740 
 569 1630 
 289 751 
 580 854 
 96 887 
 252 218 
 236 693 
 297 1046 
 566 739 
 121 898 
 693 52 
 60 380 
 440 386 
 231 1361 
 300 498 
 323 1778 
 580 1743 
 507 738 
 675 99 
 291 804 
 662 496 
 580 70 
 296 238 
 311 301 
 101 785 
 261 1560 
 678 739 
 158 301 
 401 1524 
 529 250 
 580 1641 
 580 1150 
 327 1775 
 59 734 
 96 431 
 117 1524 
 358 830 
 61 739 
 210 816 
 411 733 
 227 738 
 46 244 
 691 877 
 291 116 
 136 1673 
 533 301 
 121 303 
 472 738 
 327 1523 
 516 1522 
 281 39 
 558 744 
 580 1835 
 669 1318 
 169 740 
 516 1523 
 693 1186 
 241 250 
 64 1524 
 577 816 
 490 683 
 140 347 
 275 719 
 722 308 
 138 926 
 693 439 
 182 739 
 121 301 
 17 1909 
 684 238 
 566 1154 
 210 346 
 562 225 
 728 212 
 140 1463 
 227 39 
 140 1554 
 96 608 
 140 496 
 405 693 
 220 1243 
 152 1311 
 94 734 
 580 1491 
 691 351 
 105 242 
 229 1524 
 457 830 
 260 1522 
 577 1700 
 662 349 
 722 1745 
 121 531 
 227 718 
 311 302 
 327 894 
 291 301 
 69 231 
 364 304 
 395 231 
 479 741 
 261 323 
 117 738 
 281 1044 
 661 1473 
 580 1441 
 693 349 
 730 636 
 200 740 
 116 1018 
 210 117 
 728 1305 
 550 250 
 675 102 
 145 735 
 64 116 
 372 1361 
 217 1397 
 101 1868 
 42 39 
 580 608 
 693 817 
 260 225 
 675 1767 
 580 448 
 152 301 
 238 301 
 200 1524 
 667 740 
 511 39 
 577 1750 
 691 434 
 497 116 
 488 220 
 693 326 
 389 1669 
 214 303 
 675 204 
 151 1509 
 398 1533 
 163 580 
 722 209 
 167 295 
 366 231 
 169 733 
 580 431 
 300 238 
 121 238 
 337 116 
 171 894 
 579 305 
 722 28 
 280 301 
 580 1911 
 643 115 
 380 1534 
 175 1534 
 580 108 
 463 1360 
 300 231 
 281 238 
 216 115 
 580 92 
 152 225 
 693 1497 
 693 1442 
 38 238 
 429 304 
 675 482 
 639 733 
 227 302 
 515 718 
 182 301 
 182 744 
 468 898 
 566 304 
 675 1086 
 244 741 
 691 876 
 72 1532 
 133 244 
 140 346 
 580 1810 
 577 1548 
 580 427 
 20 677 
 675 1606 
 152 231 
 722 1881 
 697 231 
 354 1046 
 691 1548 
 577 1585 
 281 225 
 482 532 
 377 929 
 695 386 
 693 351 
 53 1524 
 579 304 
 459 385 
 631 118 
 211 380 
 558 122 
 488 225 
 140 1126 
 577 1901 
 507 303 
 301 39 
 210 1665 
 280 323 
 192 380 
 657 830 
 580 149 
 693 1567 
 577 946 
 226 466 
 511 1405 
 458 894 
 543 301 
 210 487 
 580 1304 
 607 740 
 693 1306 
 429 302 
 676 184 
 657 739 
 662 1548 
 580 71 
 214 744 
 577 1554 
 580 204 
 531 1522 
 273 740 
 693 854 
 675 449 
 273 1154 
 240 1180 
 675 1124 
 657 839 
 327 895 
 238 740 
 61 740 
 104 231 
 182 718 
 283 1532 
 238 302 
 181 740 
 312 1010 
 533 744 
 145 733 
 551 1871 
 580 428 
 650 687 
 348 1668 
 159 225 
 59 735 
 280 1360 
 727 1520 
 289 929 
 722 1723 
 689 1520 
 158 740 
 96 1300 
 502 830 
 254 740 
 579 735 
 731 303 
 210 428 
 580 1897 
 141 929 
 185 739 
 675 1874 
 281 219 
 607 220 
 684 303 
 473 115 
 140 209 
 579 303 
 511 733 
 68 1840 
 675 1156 
 145 118 
 511 739 
 185 363 
 643 740 
 693 912 
 578 830 
 678 220 
 360 39 
 687 1043 
 577 1091 
 43 734 
 252 496 
 240 890 
 244 738 
 650 1281 
 144 504 
 182 116 
 497 739 
 158 733 
 356 39 
 396 1043 
 693 355 
 580 1156 
 471 502 
 356 718 
 319 1029 
 179 1673 
 381 1350 
 691 1297 
 275 677 
 401 116 
 579 1405 
 254 238 
 323 1738 
 622 500 
 722 1852 
 435 733 
 345 1154 
 577 1270 
 697 733 
 637 1102 
 710 1635 
 328 361 
 271 733 
 577 428 
 187 220 
 140 1866 
 323 1620 
 152 738 
 558 238 
 502 39 
 301 1583 
 393 1355 
 185 1522 
 562 742 
