  0 75 
   0 112 
   2 146 
   2 170 
   2 318 
   2 324 
   2 453 
   2 530 
   3 327 
   4 430 
  5 33 
   6 124 
   7 459 
   8 121 
   8 984 
  9 64 
   9 366 
  10 423 
  10 493 
  10 494 
  10 985 
   10 1163 
   10 1164 
   10 1165 
 11 26 
 11 49 
 12 71 
  12 273 
  12 302 
  12 421 
  12 460 
  12 987 
  12 988 
  12 989 
   12 1166 
   12 1167 
   12 1168 
   12 1169 
   12 1170 
 13 98 
  14 264 
  14 269 
  14 990 
  14 991 
  14 992 
  15 278 
  15 366 
  15 430 
  15 922 
  15 924 
 16 26 
  16 243 
  16 278 
  16 309 
  16 358 
  16 362 
  16 430 
  16 442 
 17 98 
  17 394 
  19 119 
  19 134 
  19 744 
  19 856 
   19 1203 
  20 538 
   20 1060 
  22 181 
  22 260 
  22 419 
  22 439 
  22 449 
  22 554 
 23  6 
  23 279 
  23 424 
  23 546 
 24 26 
 24 49 
  24 322 
  25 102 
   25 1148 
   25 1149 
 26 48 
  26 694 
  27 189 
 28 64 
 30 58 
 31 43 
 31 82 
  31 114 
  31 237 
  31 377 
  31 401 
  32 288 
  32 328 
  34 430 
  35 165 
  35 223 
  35 263 
  35 368 
  35 374 
  35 461 
  36 426 
  38 115 
  38 364 
  38 402 
  40 296 
  40 327 
   40 1000 
  41 290 
  41 317 
  41 361 
  41 452 
  41 460 
  42 203 
 43 71 
  43 273 
  43 302 
  43 421 
  43 460 
  43 987 
  43 988 
  43 989 
   43 1166 
   43 1167 
   43 1168 
   43 1169 
   43 1170 
  46 142 
  46 186 
  46 315 
   46 1038 
   46 1176 
   46 1177 
   46 1178 
   46 1179 
   46 1180 
  47 108 
 48 12 
 48 26 
 48 49 
 48 83 
  48 139 
  48 164 
  48 165 
  48 175 
  48 194 
  48 221 
  48 232 
  48 256 
  48 288 
  48 309 
  48 322 
  48 326 
  48 328 
  48 330 
  48 368 
  48 374 
  48 435 
  48 461 
  48 561 
  49 165 
  49 223 
  49 256 
  49 309 
  49 368 
 50 12 
 50 83 
  50 164 
  50 165 
  50 194 
  50 221 
  50 223 
  50 256 
  50 309 
  50 326 
  50 330 
  50 368 
  50 374 
  50 435 
  50 461 
  52 108 
  54 238 
 57 98 
  57 394 
 58 12 
 58 83 
  58 164 
  58 165 
  58 194 
  58 221 
  58 223 
  58 256 
  58 309 
  58 326 
  58 330 
  58 374 
  58 435 
  58 461 
  60 183 
  60 197 
  60 311 
  60 460 
 61 48 
  61 426 
 62  6 
  62 102 
  62 135 
  62 279 
  62 546 
  62 696 
 63 28 
 64 26 
 64 49 
  64 108 
  64 322 
   64 1173 
   64 1174 
 65 99 
  65 108 
  65 440 
  66 448 
  68 482 
  68 512 
  68 726 
   68 1055 
  69 278 
  69 366 
  69 430 
  70 346 
  71 244 
  71 459 
  72 278 
  72 430 
  74 326 
  74 460 
  75 185 
  76 243 
  76 358 
  76 442 
 77 99 
 78 34 
 78 99 
  80 117 
 82 43 
  82 237 
  82 401 
 83 48 
 83 88 
  83 248 
  83 402 
  84 289 
  85 273 
  85 302 
  85 460 
  85 472 
  85 475 
  85 493 
  85 985 
  86 144 
  86 515 
  87 165 
  87 263 
  87 374 
  87 461 
 88 10 
  88 150 
  89 440 
  90 243 
  90 358 
  90 442 
  92 164 
  92 223 
  92 374 
  92 461 
 93 26 
 93 49 
  93 139 
  93 164 
  93 165 
  93 232 
  93 243 
  93 256 
  93 278 
  93 288 
  93 322 
  93 358 
  93 407 
  93 430 
  93 452 
  93 528 
  93 635 
   93 1173 
   93 1174 
   93 1175 
  94 857 
  95 459 
  96 243 
  96 358 
  96 442 
 97 10 
  97 119 
  97 150 
  97 574 
  97 814 
  99 145 
 100 243 
 100 362 
 100 442 
 101  12 
 101  26 
 101  49 
 101  83 
 101 139 
 101 164 
 101 165 
 101 175 
 101 194 
 101 221 
 101 232 
 101 256 
 101 288 
 101 309 
 101 322 
 101 326 
 101 328 
 101 330 
 101 368 
 101 374 
 101 435 
 101 461 
 101 561 
 102  98 
 103 395 
  103 1011 
 108 278 
 108 430 
 109 288 
 109 328 
 109 407 
 110  71 
 110 273 
 110 302 
 110 460 
 110 987 
 110 988 
 110 989 
  110 1166 
  110 1167 
  110 1168 
  110 1169 
  110 1170 
 111  10 
 111 364 
 112 320 
 112 459 
 114 317 
 115 858 
  115 1145 
 116  72 
 116 546 
 118  81 
 120  12 
 120  26 
 120  49 
 120  84 
 120 139 
 120 164 
 120 165 
 120 175 
 120 194 
 120 221 
 120 232 
 120 256 
 120 288 
 120 309 
 120 322 
 120 326 
 120 328 
 120 330 
 120 368 
 120 374 
 120 379 
 120 435 
 120 461 
 120 561 
 121 312 
 121 568 
 121 614 
 121 859 
 121 860 
 122  67 
 122  73 
 122 320 
 123  98 
 123 164 
 123 194 
 123 288 
 123 326 
 123 328 
 123 394 
 123 407 
 123 613 
 125 164 
 125 175 
 125 256 
 125 309 
 125 358 
 126 273 
 126 302 
 126 460 
 127  98 
 127 394 
 128  58 
 128 271 
 128 608 
 130  26 
 130  49 
 130 139 
 130 232 
 130 322 
 131 175 
 132 108 
  132 1202 
 133 248 
 133 940 
 133 993 
 133 994 
 133 998 
 134 246 
 134 916 
 135  14 
 135 106 
 135 285 
 135 286 
 136 288 
 136 328 
 136 407 
 137 418 
 138 248 
 138 380 
 138 993 
 138 994 
 138 995 
 138 996 
 138 997 
 138 998 
  138 1202 
 140  67 
 140 195 
 140 320 
 140 380 
 141  13 
 141  21 
 141  85 
 141 113 
 141 208 
 141 258 
 141 359 
 143 248 
 143 993 
 143 994 
 143 998 
 144  71 
 144 273 
 144 302 
 144 421 
 144 460 
 144 987 
 144 988 
 144 989 
  144 1166 
  144 1167 
  144 1168 
  144 1169 
  144 1170 
 145  12 
 145 256 
 145 309 
 145 435 
 146  49 
 146 322 
 146 423 
 147 119 
 148  12 
 148  83 
 148 164 
 148 165 
 148 194 
 148 221 
 148 223 
 148 256 
 148 309 
 148 326 
 148 330 
 148 374 
 148 435 
 148 461 
 151 273 
 151 302 
 151 460 
 151 472 
 151 475 
 151 493 
 151 985 
 152 272 
 153  73 
 153 380 
 154 278 
 154 366 
 154 430 
 156 302 
 156 460 
 158  31 
 158 427 
 158 987 
 159 435 
 160  26 
 160  49 
 160 256 
 160 309 
 160 322 
 161 927 
 163 327 
 164 185 
 164 189 
 165 185 
 165 186 
 165 360 
 167 426 
 168 549 
 170 164 
 170 288 
 170 394 
 170 916 
 171 288 
 171 435 
 172 206 
 172 225 
 172 240 
 172 259 
 172 358 
 174  48 
 174 288 
 174 328 
 174 407 
 175  26 
 175  49 
 175 139 
 175 232 
 175 256 
 175 278 
 175 288 
 175 322 
 175 407 
 175 430 
  175 1173 
  175 1174 
 176  43 
 176  82 
 176 114 
 176 170 
 176 237 
 176 377 
 176 401 
 178  10 
 178 150 
 179  10 
 179 150 
 180 140 
 181 430 
 182 460 
 183  71 
 183 273 
 183 302 
 183 460 
 183 987 
 183 988 
 183 989 
  183 1166 
  183 1167 
  183 1168 
  183 1169 
  183 1170 
 184 278 
 184 366 
 184 430 
 185  12 
 185 165 
 185 256 
 185 288 
 185 328 
 185 435 
 188 150 
  188 1119 
  188 1138 
 189  67 
 189 457 
 190 150 
 190 738 
 191 164 
 191 194 
 191 326 
 193  32 
 193  51 
 194  48 
 194  98 
 194 394 
 195 165 
 195 435 
 196 482 
 196 512 
 197 124 
 199 857 
 201  26 
 201  49 
 201 139 
 201 232 
 201 322 
 202 243 
 202 358 
 202 442 
 203  73 
  203 1202 
 204  10 
 204 150 
 205  60 
 206  12 
 206 240 
 206 256 
 206 330 
 206 435 
 210 773 
 210 778 
 211 124 
 213  98 
 213 394 
 214 242 
 217 440 
 217 570 
 219 108 
 220 150 
 220 640 
 221 654 
 222 426 
 224  67 
 225  26 
 225  49 
 225 139 
 225 165 
 225 232 
 225 256 
 225 278 
 225 288 
 225 322 
 225 407 
 225 430 
 226  81 
 226 783 
 227 124 
 228  12 
 228  49 
 228 164 
 228 278 
 228 288 
 228 430 
 228 435 
 228 460 
 229 459 
 230 143 
 232 291 
 233  10 
 233 150 
 234 852 
 236  25 
 236 300 
  238 1161 
  238 1162 
 239 189 
 240 108 
 242  98 
 242 165 
 242 394 
 242 461 
 242 613 
 243  26 
 243  49 
 243 139 
 243 232 
 243 322 
 244  10 
 244 150 
 245 164 
 245 194 
 245 326 
 247 150 
 250  60 
 251  10 
 251 140 
 251 150 
 251 201 
 251 528 
 251 814 
 251 854 
  251 1015 
 252  48 
 252 288 
 252 328 
 252 407 
 253 459 
 254 276 
 255  14 
 255 106 
 255 200 
 255 201 
 255 285 
 255 286 
 255 389 
 255 433 
 255 526 
 257  98 
 257 288 
 257 328 
 257 394 
 259 988 
 260  67 
 260 320 
 261  10 
 261 150 
 261 428 
 261 608 
 261 646 
 262 400 
 262 722 
 262 918 
 264 243 
 264 358 
 264 442 
 265  98 
 265 394 
 266 686 
 266 717 
 268   7 
 268 113 
 268 258 
 268 495 
 268 496 
 268 635 
 268 674 
 268 689 
  268 1022 
 269 459 
 270  73 
 271  26 
 271  49 
 271 139 
 271 232 
 271 241 
 271 248 
 271 288 
 271 322 
 271 328 
 271 407 
 271 993 
 271 998 
  271 1151 
 272  12 
 272 241 
 272 435 
 273  73 
 275 448 
 275 589 
  275 1153 
  275 1154 
  275 1155 
 276 186 
 276 315 
 277 164 
 278 459 
 279   6 
 279 135 
 279 546 
 280 327 
 280 637 
 281 185 
 281 189 
 281 516 
 281 752 
 283 136 
 283 417 
 285 185 
 286   6 
 286 279 
 286 546 
 286 696 
 286 765 
 287  90 
 287 358 
 287 442 
 288 346 
 289 164 
 289 165 
 289 256 
 289 288 
 289 309 
 289 430 
 290 423 
 291 362 
 291 470 
 291 584 
 291 737 
 291 986 
 292  48 
 292 108 
 292 203 
 292 248 
 292 276 
 292 402 
 292 430 
 292 940 
 292 993 
 292 994 
 292 995 
 292 996 
 292 997 
 292 998 
 293  73 
 294  98 
 294 164 
 294 288 
 294 326 
 294 328 
 294 394 
 294 407 
 295 165 
 295 263 
 295 374 
 295 461 
 297 115 
 298 218 
 299 246 
 299 423 
 299 493 
 299 494 
 299 916 
 299 985 
  299 1163 
  299 1164 
  299 1165 
  299 1504 
  299 1505 
  299 1506 
  299 1507 
  299 1508 
 300  67 
 300 457 
 301  33 
 302  12 
 302  48 
 302 256 
 302 288 
 302 328 
 302 435 
 303 108 
 306  71 
 306 273 
 306 302 
 306 460 
 306 987 
 306 988 
 306 989 
  306 1166 
  306 1167 
  306 1168 
  306 1169 
  306 1170 
 308 426 
 309  73 
 309 380 
 309 459 
 310  71 
 310 273 
 310 302 
 310 460 
 310 987 
 310 988 
 310 989 
  310 1166 
  310 1167 
  310 1168 
  310 1169 
  310 1170 
 311 124 
 311 591 
 312 164 
 312 288 
 314 426 
  314 1029 
 315 183 
 315 289 
 316 164 
 316 256 
 316 278 
 316 288 
 316 326 
 316 328 
 316 374 
 316 407 
 316 435 
 316 461 
 317 164 
 317 194 
 317 326 
  317 1160 
 319 380 
 321 183 
 321 311 
 322 243 
 322 358 
 322 442 
 324 288 
 324 328 
 324 407 
 325 243 
 325 358 
 325 442 
 327  10 
 327 150 
 329  12 
 329  83 
 329 164 
 329 165 
 329 194 
 329 221 
 329 223 
 329 256 
 329 309 
 329 326 
 329 330 
 329 374 
 329 379 
 329 435 
 329 461 
 330  26 
 330  49 
 330 139 
 330 232 
 330 256 
 330 278 
 330 322 
 330 430 
 332  99 
 332 175 
 332 362 
 332 366 
 332 423 
 333  89 
  333 1139 
 334 319 
 335 175 
 335 322 
 335 423 
 337 115 
 337 119 
 338 423 
 339 246 
 339 916 
 340  12 
 340 164 
 340 165 
 340 194 
 340 221 
 340 256 
 340 288 
 340 309 
 340 326 
 340 328 
 340 330 
 340 374 
 340 435 
 341  19 
 341 108 
 343 328 
 343 366 
 344  10 
 344 150 
 344 237 
 345 108 
 346  60 
 346 164 
 346 256 
 346 288 
 346 368 
 347 241 
 347 361 
 347 452 
 347 460 
 348 108 
 349  62 
 349 101 
 349 422 
 350 175 
 351  58 
 352 675 
 354 581 
 355 291 
 356 518 
 356 665 
 356 727 
 356 745 
  356 1172 
 357 916 
 358 426 
 359 108 
 361 144 
 361 605 
 361 922 
 361 924 
 362  49 
 363  67 
 363 457 
 363 570 
 364  10 
 364 150 
 365  10 
 365 150 
 366 124 
 367 273 
 367 302 
 367 460 
 367 472 
 367 475 
 367 493 
 367 985 
 368  10 
 368  19 
 368 119 
 368 140 
 368 150 
 368 709 
  368 1502 
 369  33 
 370  43 
 370  82 
 370 114 
 370 377 
 371  12 
 371  83 
 371 164 
 371 194 
 371 326 
 372 442 
 373  49 
 373 322 
 374   6 
 374 102 
 374 279 
 374 546 
 374 670 
 374 696 
 375 280 
 375 383 
 376  26 
 376  49 
 376 232 
 376 322 
 377  49 
 377 423 
 378 149 
 378 261 
 379 243 
 379 358 
 379 442 
 380  10 
 380 150 
 381 852 
 381 854 
 381 988 
 381 989 
 382 183 
 382 311 
 382 514 
  382 1183 
 383 102 
 384  74 
 384  78 
 388  71 
 388 302 
 388 421 
 388 460 
 388 987 
 388 988 
 388 989 
  388 1166 
  388 1167 
  388 1168 
  388 1169 
  388 1170 
 389 241 
 389 288 
 389 379 
 389 435 
 389 621 
  389 1375 
 391 320 
 391 459 
 392  26 
 392  49 
 392 139 
 392 232 
 392 322 
 393 203 
 393 241 
 393 243 
 393 358 
 393 442 
 393 563 
 394 364 
 395  98 
 395 394 
 396  71 
 396 273 
 396 302 
 396 460 
 396 987 
 396 988 
 396 989 
  396 1166 
  396 1167 
  396 1168 
  396 1169 
  396 1170 
 397 246 
 397 256 
 398 243 
 398 358 
 398 442 
 400  12 
 400 241 
 400 435 
 401 408 
  401 1150 
 404 459 
 405  10 
 405 150 
 406 102 
  406 1148 
  406 1149 
 407  60 
 408 395 
 409 108 
 410 183 
 410 311 
 411  10 
 411 150 
 412 394 
 413  95 
 413 166 
 415  33 
 418 124 
 419 319 
 420 160 
 420 289 
 420 340 
 420 739 
 421 175 
 422 459 
 423  71 
 423 273 
 423 302 
 423 421 
 423 460 
 423 987 
 423 988 
 423 989 
  423 1166 
  423 1167 
  423 1168 
  423 1169 
  423 1170 
 424 127 
 424 266 
 424 362 
 424 427 
 424 460 
 425 243 
 425 358 
 425 442 
 426 142 
 427 289 
 427 418 
 428  45 
 428 165 
 428 175 
 428 442 
 428 461 
 429  34 
 429 335 
 429 346 
  429 1006 
 430 141 
 431  49 
 431  99 
 431 108 
 431 278 
 431 322 
 431 366 
 431 430 
 432  48 
 432  88 
 432 108 
 433 108 
 433 183 
 433 276 
 433 311 
 433 505 
 433 817 
 433 852 
 433 853 
 433 854 
 433 922 
 433 924 
  433 1034 
  433 1183 
  433 1184 
  433 1185 
  433 1186 
  433 1187 
  433 1188 
 434 450 
 436 115 
 436 119 
 437 362 
 437 435 
 439 374 
 439 461 
 441 279 
 441 696 
 441 765 
  441 1150 
 442 243 
 442 358 
 442 442 
 443 256 
 444 164 
 444 194 
 444 241 
 444 288 
 444 326 
 444 394 
 445  60 
 446 207 
  446 1006 
 448 256 
 448 435 
 449 278 
 449 366 
 450 394 
 451 240 
 451 362 
 454 165 
 454 263 
 454 374 
 454 461 
 455 263 
 455 374 
 455 461 
 457 459 
 458  98 
 458 165 
 458 394 
 458 461 
 459  99 
 460 421 
 460 460 
 461  10 
 461 150 
 462 164 
 462 288 
 463  33 
 463 119 
 465 164 
 466 175 
 468 656 
 469 102 
 469 357 
 469 696 
 469 931 
 471 426 
 472  49 
 473 188 
 473 295 
 474 246 
 475 394 
 476  49 
 477  12 
 477  78 
 477  83 
 477 221 
 477 330 
 477 366 
 477 435 
 478 246 
 478 916 
 479 858 
 480  10 
 480 150 
 481  42 
 483   6 
 483 940 
 484 426 
 485 374 
 485 461 
 486 183 
 486 242 
 486 311 
 486 317 
 486 817 
  486 1034 
 488 186 
 489 858 
 491  10 
 491 150 
  491 1146 
 492 417 
 493 292 
 494 459 
 495  10 
 495 119 
 495 140 
 495 150 
 496  94 
 496 140 
 496 253 
 496 610 
 496 642 
 496 715 
 497 164 
 498 322 
 499 241 
 499 248 
 499 380 
 499 505 
 499 621 
 499 993 
 499 994 
 499 998 
  499 1151 
  499 1152 
 500 413 
 502  33 
 502 636 
 503 581 
 504 513 
 504 648 
  504 1201 
 505 108 
 505 524 
 506  26 
 506  49 
 506 139 
 506 232 
 506 322 
 507 922 
 507 924 
 508  39 
 508 617 
  508 1196 
 509 150 
 509 400 
 509 429 
 509 661 
 511 175 
 511 240 
 511 362 
 514 459 
  514 1503 
 516  10 
 516 150 
 518 426 
 520  26 
 520  49 
 520 322 
 521  98 
 521 394 
 521 545 
 521 569 
 521 613 
  521 1009 
  521 1010 
 522 115 
 522 119 
 523  71 
 523 273 
 523 302 
 523 421 
 523 460 
 523 987 
 523 988 
 523 989 
  523 1166 
  523 1167 
  523 1168 
  523 1169 
  523 1170 
 524  26 
 524  49 
 524 139 
 524 232 
 524 241 
 524 256 
 524 288 
 524 322 
 524 435 
 526 186 
 526 315 
  526 1066 
 528 327 
 528 497 
  528 1202 
 529  45 
 529 223 
 529 256 
 529 309 
 530 121 
 530 144 
 532 390 
 532 573 
  532 1181 
 534  26 
 534  49 
 534 322 
 535  99 
 536 123 
  536 1041 
 537  34 
 537 271 
 537 279 
 537 663 
 537 696 
 537 765 
 538 327 
 539 509 
  539 1202 
 540 327 
 541  48 
 541 241 
 541 330 
 541 435 
 542 185 
 543 366 
 543 430 
 544 278 
 544 366 
 544 430 
 545 265 
 546   2 
 546  48 
 546 151 
 546 238 
 546 317 
  546 1381 
  546 1382 
 548 279 
 548 357 
 549 278 
 549 366 
 549 430 
 550 241 
 550 248 
 550 452 
 550 505 
 550 993 
 550 994 
 550 998 
 552  48 
 552  98 
 552 505 
 553 183 
 553 242 
 553 317 
 553 402 
 553 418 
 554  94 
 554 115 
 557  73 
 559 459 
 560 119 
 561  48 
 561  94 
 561  98 
 561 288 
 561 394 
 561 588 
 561 669 
 561 681 
 564  26 
 564  49 
 564  60 
 564 139 
 564 164 
 564 165 
 564 194 
 564 223 
 564 232 
 564 256 
 564 278 
 564 288 
 564 309 
 564 322 
 564 326 
 564 328 
 564 407 
 564 430 
 564 435 
 565 261 
 565 527 
 566  49 
 566 322 
 567 164 
 567 165 
 567 256 
 567 278 
 567 288 
 567 309 
 567 328 
 567 366 
 567 430 
 569  26 
 569  49 
 569  98 
 569 139 
 569 232 
 569 256 
 569 278 
 569 288 
 569 322 
 569 394 
 569 430 
 569 583 
 570 278 
 570 366 
  570 1164 
 571 189 
 572 418 
 573 238 
 573 290 
 573 310 
 573 317 
 573 362 
 573 460 
 573 625 
 573 627 
 573 657 
 573 742 
  573 1161 
  573 1162 
 574  99 
 574 175 
 574 362 
 574 366 
 575  48 
 575 288 
 575 328 
 575 407 
 576 426 
 579 247 
 579 545 
 579 624 
 579 636 
 579 646 
 579 709 
 579 851 
 580  99 
 580 206 
 580 225 
 580 278 
 580 310 
 580 362 
 581 273 
 581 302 
 581 460 
 581 472 
 581 475 
 581 493 
 581 985 
 582 426 
 584  48 
 584 108 
 585  67 
 585 243 
 585 358 
 585 442 
 585 572 
 586 330 
 586 435 
 587  67 
 587  73 
 587 196 
 587 459 
 588  12 
 588  83 
 588 164 
 588 165 
 588 194 
 588 221 
 588 223 
 588 256 
 588 288 
 588 309 
 588 326 
 588 328 
 588 330 
 588 374 
 588 407 
 588 435 
 588 461 
 590 290 
 590 361 
 590 452 
 590 460 
 592  98 
 592 394 
 593 183 
 593 311 
 594 108 
 594 854 
 595  67 
 595 457 
 595 673 
 595 720 
 596 302 
 596 421 
 596 460 
 597  12 
 597  83 
 597 164 
 597 165 
 597 194 
 597 221 
 597 223 
 597 256 
 597 288 
 597 309 
 597 326 
 597 328 
 597 330 
 597 368 
 597 374 
 597 407 
 597 435 
 597 461 
 599  98 
 599 394 
 600 426 
 601 460 
  601 1166 
  602 1299 
 603  98 
 603 394 
 606  98 
 606 394 
 607  71 
 607 302 
 607 460 
 607 987 
 607 988 
 607 989 
  607 1166 
  607 1167 
  607 1168 
  607 1169 
  607 1170 
 609 858 
 610  48 
 611 424 
 612 570 
 613 218 
 613 362 
 613 435 
 614 459 
 615   6 
 616  12 
 616  26 
 616  49 
 616  83 
 616 139 
 616 164 
 616 165 
 616 175 
 616 194 
 616 221 
 616 232 
 616 256 
 616 288 
 616 309 
 616 322 
 616 326 
 616 328 
 616 330 
 616 368 
 616 374 
 616 407 
 616 435 
 616 461 
 616 561 
 617  26 
 617 322 
 617 423 
 617 916 
 618  16 
 618 138 
 621  45 
 621  49 
 621 435 
 622   2 
 622  40 
 622 244 
 622 459 
 623 290 
 623 361 
 623 452 
 623 460 
 624  12 
 624  26 
 624  49 
 624  83 
 624 139 
 624 164 
 624 165 
 624 175 
 624 194 
 624 221 
 624 232 
 624 256 
 624 288 
 624 309 
 624 322 
 624 326 
 624 328 
 624 330 
 624 368 
 624 374 
 624 435 
 624 461 
 624 561 
 625  39 
 626 223 
 626 256 
 626 278 
 626 309 
 626 430 
 626 466 
 627 922 
 627 924 
 628  16 
 628 138 
 630 560 
 631   7 
 631 113 
 631 250 
 631 258 
 631 483 
 631 484 
 631 485 
 631 486 
 631 487 
 631 523 
 632 155 
 633 459 
 634 497 
 637  13 
 637  18 
 637  85 
 637 113 
 637 208 
 637 258 
 637 495 
 637 496 
 638 493 
 638 985 
  638 1164 
 639 605 
 640 315 
 641  98 
 641 394 
 643 108 
 644 242 
 645 550 
 650  26 
 650 322 
 650 423 
 651 124 
 652 477 
 652 592 
 652 647 
 652 707 
 654  64 
 654 246 
 654 278 
 654 288 
 655 138 
 655 922 
 656 418 
 658  39 
 658 119 
 658 608 
 659  16 
 659  81 
 660 246 
 661  67 
 661  73 
 661 112 
 661 320 
 661 641 
 662  26 
 662  49 
 662 322 
 663 459 
 667 279 
 667 400 
 668  71 
 668 273 
 668 302 
 668 460 
 668 987 
 668 988 
 668 989 
  668 1166 
  668 1167 
  668 1168 
  668 1169 
  668 1170 
 669  64 
 669 164 
 669 194 
 669 278 
 669 326 
 669 366 
 669 430 
 669 922 
 669 924 
 671  26 
 671  49 
 671 139 
 671 232 
 671 322 
 672  71 
 672 273 
 672 302 
 672 460 
 672 987 
 672 988 
 672 989 
  672 1166 
  672 1167 
  672 1168 
  672 1169 
  672 1170 
 675  89 
 675 722 
 676 319 
 677  49 
 677 165 
 677 256 
 677 435 
 678  12 
 678 256 
 678 435 
 680 279 
 680 696 
 680 765 
 682  73 
 683  64 
 684 786 
 685  98 
 685 394 
 686 206 
 686 278 
 686 430 
 689 276 
 690 737 
 691 175 
 691 243 
 691 278 
 691 358 
 691 430 
 691 442 
 692  58 
 693  95 
 693 166 
 694  12 
 694  60 
 694  98 
 694 164 
 694 165 
 694 194 
 694 221 
 694 223 
 694 256 
 694 288 
 694 309 
 694 326 
 694 330 
 694 368 
 694 394 
 694 435 
 694 461 
 694 561 
 695 120 
 696 243 
 696 358 
 696 442 
  697 1011 
 698 497 
 700  28 
 702  73 
 703 164 
 703 288 
 704 358 
 704 442 
 707 327 
