 344 150 
 145 309 
 48 175 
 329 435 
 101 83 
 58 223 
 302 256 
 569 256 
 596 421 
 364 150 
 268 1022 
 339 246 
 580 310 
 469 357 
 445 60 
 46 1177 
 310 987 
 597 223 
 299 1507 
 137 418 
 606 98 
 659 16 
 101 139 
 46 1176 
 251 814 
 459 99 
 228 430 
 341 108 
 194 394 
 271 407 
 183 302 
 252 328 
 122 320 
 428 165 
 384 78 
 131 175 
 449 278 
 239 189 
 581 302 
 523 1170 
 85 985 
 606 394 
 640 315 
 176 377 
 553 402 
 638 985 
 367 460 
 652 592 
 120 330 
 22 181 
 43 987 
 622 459 
 564 328 
 541 48 
 185 165 
 565 261 
 672 1168 
 332 423 
 381 988 
 291 737 
 424 460 
 101 328 
 564 256 
 394 364 
 217 570 
 309 73 
 50 326 
 332 362 
 315 183 
 401 408 
 585 67 
 520 26 
 374 279 
 277 164 
 607 71 
 603 394 
 601 1166 
 325 358 
 123 407 
 176 401 
 271 322 
 306 989 
 622 40 
 289 256 
 349 422 
 671 26 
 624 164 
 183 989 
 156 302 
 346 368 
 702 73 
 477 366 
 624 322 
 299 494 
 570 1164 
 175 430 
 206 12 
 308 426 
 111 10 
 189 457 
 516 10 
 154 430 
 330 49 
 374 670 
 174 407 
 588 165 
 120 194 
 108 430 
 668 1168 
 375 383 
 588 194 
 93 165 
 407 60 
 661 112 
 38 402 
 460 421 
 338 423 
 352 675 
 271 232 
 201 49 
 32 328 
 564 278 
 607 460 
 434 450 
 93 528 
 463 119 
 631 487 
 255 526 
 355 291 
 368 19 
 579 646 
 50 256 
 676 319 
 26 694 
 491 150 
 626 466 
 48 232 
 624 435 
 523 421 
 93 26 
 211 124 
 340 256 
 692 58 
 511 175 
 368 10 
 50 221 
 255 285 
 35 368 
 569 49 
 299 1508 
 588 83 
 93 452 
 148 326 
 48 139 
 672 987 
 367 985 
 175 232 
 694 326 
 573 362 
 460 460 
 329 256 
 624 194 
 538 327 
 93 1175 
 521 1010 
 347 241 
 48 49 
 410 311 
 433 183 
 433 854 
 469 931 
 125 164 
 463 33 
 268 689 
 607 1167 
 369 33 
 12 302 
 373 49 
 694 223 
 310 460 
 529 223 
 164 185 
 302 328 
 333 1139 
 339 916 
 656 418 
 626 256 
 388 1169 
 101 326 
 64 1174 
 49 165 
 477 435 
 268 496 
 528 327 
 10 494 
 154 278 
 301 33 
 83 248 
 585 358 
 335 175 
 152 272 
 276 186 
 302 435 
 506 26 
 4 430 
 393 243 
 522 115 
 595 673 
 616 256 
 35 165 
 101 164 
 524 26 
 694 164 
 48 328 
 213 98 
 557 73 
 120 49 
 8 121 
 255 286 
 2 453 
 395 98 
 275 589 
 580 362 
 14 991 
 23 279 
 493 292 
 48 12 
 607 1166 
 564 26 
 74 326 
 588 223 
 396 1169 
 597 461 
 178 10 
 420 160 
 170 164 
 442 243 
 499 1152 
 151 472 
 522 119 
 310 1167 
 575 288 
 275 448 
 371 194 
 540 327 
 133 994 
 506 322 
 672 1169 
 509 150 
 322 358 
 160 256 
 361 922 
 581 475 
 95 459 
 588 330 
 569 430 
 226 783 
 626 278 
 225 165 
 101 12 
 329 165 
 694 309 
 43 273 
 120 84 
 346 164 
 391 320 
 693 166 
 310 1166 
 524 435 
 575 328 
 616 326 
 499 505 
 472 49 
 125 309 
 264 442 
 312 164 
 582 426 
 477 78 
 190 150 
 101 26 
 612 570 
 175 288 
 12 460 
 348 108 
 573 1162 
 253 459 
 273 73 
 203 1202 
 631 485 
 47 108 
 496 94 
 431 278 
 254 276 
 93 358 
 255 106 
 624 326 
 183 988 
 120 175 
 524 256 
 433 817 
 309 459 
 377 49 
 180 140 
 316 326 
 286 279 
 310 273 
 396 1167 
 123 326 
 362 49 
 651 124 
 382 1183 
 314 426 
 123 328 
 43 302 
 564 309 
 191 164 
 382 514 
 465 164 
 144 1167 
 31 43 
 365 150 
 626 223 
 46 142 
 597 309 
 652 477 
 367 302 
 637 85 
 12 1169 
 361 605 
 645 550 
 683 64 
 375 280 
 225 232 
 174 288 
 153 380 
 400 12 
 548 357 
 441 765 
 593 311 
 379 442 
 135 286 
 477 83 
 567 328 
 396 1170 
 120 232 
 265 394 
 27 189 
 597 368 
 376 49 
 292 430 
 109 288 
 506 232 
 12 1167 
 423 987 
 286 546 
 658 39 
 50 330 
 624 330 
 266 686 
 661 73 
 567 430 
 325 442 
 418 124 
 689 276 
 172 259 
 306 988 
 392 49 
 462 288 
 643 108 
 172 206 
 526 1066 
 426 142 
 280 637 
 175 256 
 151 302 
 292 248 
 58 165 
 330 322 
 480 10 
 279 135 
 573 317 
 365 10 
 286 6 
 616 328 
 639 605 
 2 324 
 428 175 
 388 302 
 389 435 
 181 430 
 48 309 
 88 150 
 691 442 
 179 10 
 188 150 
 631 484 
 120 379 
 597 221 
 694 394 
 121 614 
 423 1166 
 138 998 
 388 71 
 329 330 
 172 225 
 475 394 
 203 73 
 617 26 
 597 194 
 587 73 
 101 368 
 433 1185 
 43 1170 
 488 186 
 148 435 
 58 12 
 299 493 
 65 108 
 40 1000 
 321 183 
 2 170 
 358 426 
 148 223 
 206 240 
 90 358 
 43 460 
 135 106 
 327 150 
 624 83 
 22 449 
 182 460 
 566 49 
 22 554 
 43 1168 
 433 1188 
 272 12 
 134 916 
 97 119 
 242 461 
 530 121 
 226 81 
 429 346 
 587 196 
 363 570 
 302 12 
 302 48 
 634 497 
 141 258 
 594 108 
 116 546 
 190 738 
 96 243 
 268 113 
 329 221 
 631 483 
 184 366 
 509 400 
 603 98 
 432 108 
 10 985 
 35 263 
 127 394 
 631 250 
 310 71 
 100 243 
 120 461 
 423 1167 
 148 330 
 616 374 
 299 1163 
 668 71 
 489 858 
 97 10 
 564 139 
 546 238 
 161 927 
 429 34 
 5 33 
 251 150 
 46 315 
 201 322 
 316 461 
 255 201 
 287 358 
 567 278 
 596 460 
 262 400 
 236 300 
 48 561 
 396 1168 
 694 221 
 49 368 
 330 26 
 69 278 
 346 256 
 624 288 
 370 114 
 588 288 
 374 6 
 148 221 
 332 175 
 11 49 
 252 48 
 587 459 
 514 459 
 78 99 
 332 99 
 685 98 
 631 258 
 58 256 
 10 423 
 672 1166 
 406 102 
 424 362 
 41 290 
 397 256 
 569 26 
 245 164 
 597 83 
 77 99 
 498 322 
 575 48 
 292 994 
 450 394 
 324 328 
 185 328 
 13 98 
 205 60 
 64 1173 
 130 139 
 22 260 
 704 442 
 597 164 
 380 150 
 143 993 
 429 335 
 486 317 
 415 33 
 398 358 
 588 12 
 314 1029 
 454 263 
 15 922 
 638 1164 
 48 368 
 68 512 
 140 67 
 295 165 
 183 460 
 68 1055 
 432 88 
 567 288 
 678 256 
 588 309 
 225 278 
 696 243 
 294 407 
 299 423 
 83 402 
 110 1167 
 504 513 
 368 150 
 148 83 
 373 322 
 133 993 
 58 309 
 332 366 
 140 380 
 428 461 
 677 49 
 441 1150 
 395 394 
 616 164 
 617 423 
 144 988 
 294 394 
 569 98 
 523 1169 
 444 326 
 252 288 
 455 461 
 195 165 
 427 289 
 572 418 
 19 744 
 101 165 
 130 232 
 406 1148 
 433 1034 
 616 435 
 101 256 
 680 696 
 225 256 
 356 665 
 370 377 
 340 374 
 496 610 
 159 435 
 251 201 
 144 989 
 623 460 
 133 940 
 41 452 
 329 374 
 65 440 
 523 273 
 409 108 
 590 452 
 569 322 
 41 361 
 584 108 
 436 115 
 289 430 
 255 14 
 600 426 
 637 18 
 548 279 
 286 696 
 523 989 
 585 442 
 135 285 
 34 430 
 581 472 
 183 1168 
 616 288 
 613 218 
 329 379 
 669 326 
 285 185 
 658 608 
 550 241 
 532 390 
 32 288 
 9 64 
 110 460 
 19 856 
 410 183 
 354 581 
 72 430 
 93 430 
 546 2 
 62 696 
 57 98 
 143 994 
 523 302 
 260 67 
 391 459 
 78 34 
 499 248 
 567 164 
 247 150 
 23 546 
 553 183 
 654 288 
 291 362 
 553 317 
 69 430 
 310 1168 
 393 358 
 597 12 
 48 330 
 50 374 
 317 1160 
 197 124 
 86 515 
 228 12 
 271 1151 
 317 326 
 580 99 
 573 310 
 532 573 
 588 164 
 183 1166 
 509 429 
 255 200 
 262 722 
 251 1015 
 549 430 
 662 49 
 495 140 
 294 288 
 442 442 
 58 83 
 268 7 
 292 997 
 682 73 
 272 241 
 228 164 
 101 561 
 421 175 
 299 1165 
 340 12 
 694 60 
 671 139 
 100 362 
 87 374 
 176 114 
 270 73 
 594 854 
 611 424 
 261 10 
 466 175 
 62 135 
 201 139 
 693 95 
 228 460 
 50 12 
 93 139 
 234 852 
 271 328 
 580 225 
 325 243 
 183 1169 
 514 1503 
 382 183 
 423 1169 
 141 208 
 126 273 
 202 442 
 587 67 
 292 996 
 503 581 
 419 319 
 686 430 
 534 49 
 144 421 
 202 358 
 250 60 
 624 328 
 350 175 
 597 328 
 616 26 
 299 246 
 271 139 
 420 739 
 476 49 
 650 322 
 396 989 
 654 246 
 669 64 
 483 6 
 675 722 
 329 309 
 292 940 
 630 560 
 592 98 
 40 327 
 50 435 
 243 26 
 597 288 
 108 278 
 534 322 
 624 175 
 523 1166 
 564 326 
 544 430 
 506 139 
 236 25 
 144 1170 
 271 248 
 316 435 
 405 150 
 631 113 
 638 493 
 672 71 
 481 42 
 183 273 
 428 45 
 141 85 
 48 322 
 127 98 
 595 67 
 616 368 
 396 988 
 621 45 
 82 401 
 172 240 
 206 435 
 615 6 
 480 150 
 393 442 
 58 461 
 545 265 
 93 256 
 412 394 
 376 26 
 616 49 
 668 1166 
 201 232 
 622 244 
 19 1203 
 7 459 
 694 98 
 25 1149 
 423 302 
 585 243 
 337 115 
 175 26 
 138 380 
 381 852 
 316 374 
 288 346 
 613 362 
 537 765 
 672 1167 
 240 108 
 167 426 
 50 223 
 573 290 
 473 188 
 458 98 
 553 242 
 62 6 
 87 461 
 271 26 
 58 164 
 389 241 
 574 175 
 80 117 
 499 994 
 170 394 
 439 374 
 655 922 
 669 366 
 678 12 
 143 248 
 340 288 
 652 707 
 579 636 
 698 497 
 85 273 
 696 358 
 42 203 
 92 374 
 85 493 
 8 984 
 23 424 
 624 374 
 623 361 
 48 221 
 306 1168 
 261 150 
 669 278 
 567 309 
 61 48 
 6 124 
 292 995 
 423 71 
 424 427 
 567 366 
 58 435 
 43 421 
 245 326 
 148 374 
 225 139 
 122 67 
 213 394 
 561 669 
 101 461 
 561 681 
 458 461 
 564 322 
 569 139 
 376 322 
 300 67 
 96 358 
 546 1381 
 523 1168 
 118 81 
 586 435 
 168 549 
 691 430 
 423 460 
 564 407 
 144 273 
 552 48 
 48 194 
 12 421 
 154 366 
 469 696 
 64 322 
 444 241 
 242 394 
 140 195 
 46 1179 
 99 145 
 69 366 
 242 98 
 530 144 
 146 49 
 590 460 
 144 1168 
 565 527 
 193 51 
 264 243 
 492 417 
 145 256 
 446 207 
 400 435 
 393 241 
 329 12 
 694 561 
 58 330 
 524 322 
 16 309 
 396 1166 
 668 1170 
 523 1167 
 433 1187 
 541 330 
 214 242 
 141 13 
 116 72 
 526 315 
 569 583 
 310 1170 
 499 621 
 446 1006 
 363 67 
 11 26 
 552 98 
 374 102 
 356 727 
 130 322 
 68 482 
 295 461 
 110 989 
 404 459 
 225 430 
 286 765 
 85 460 
 272 435 
 478 246 
 654 278 
 327 10 
 183 1167 
 120 139 
 14 264 
 50 309 
 442 358 
 694 288 
 294 164 
 49 309 
 110 1166 
 306 1167 
 388 989 
 143 998 
 454 165 
 624 256 
 703 288 
 469 102 
 156 460 
 128 58 
 546 1382 
 54 238 
 75 185 
 330 430 
 89 440 
 153 73 
 624 309 
 12 989 
 579 851 
 294 326 
 15 278 
 295 263 
 268 674 
 16 430 
 60 311 
 575 407 
 30 58 
 115 858 
 424 127 
 228 288 
 188 1138 
 281 189 
 569 394 
 439 461 
 485 374 
 28 64 
 550 998 
 378 149 
 485 461 
 574 366 
 500 413 
 624 368 
 43 988 
 433 924 
 121 568 
 316 256 
 58 374 
 425 442 
 537 279 
 549 278 
 101 330 
 22 439 
 425 243 
 225 26 
 694 256 
 292 203 
 136 407 
 443 256 
 133 998 
 523 988 
 537 663 
 311 124 
 672 989 
 121 860 
 329 223 
 588 435 
 120 435 
 120 256 
 528 497 
 279 6 
 508 39 
 486 311 
 520 49 
 196 512 
 111 364 
 189 67 
 454 461 
 251 528 
 388 987 
 616 407 
 271 998 
 457 459 
 461 150 
 444 194 
 677 256 
 607 988 
 597 435 
 110 987 
 264 358 
 424 266 
 499 998 
 260 320 
 580 206 
 138 248 
 74 460 
 233 150 
 521 613 
 539 1202 
 101 221 
 220 640 
 344 237 
 433 922 
 392 322 
 58 194 
 19 134 
 136 288 
 550 505 
 0 112 
 678 435 
 663 459 
 523 460 
 616 194 
 281 516 
 76 442 
 573 1161 
 393 563 
 287 90 
 20 538 
 379 243 
 31 377 
 496 715 
 65 99 
 188 1119 
 356 1172 
 662 322 
 497 164 
 97 150 
 588 221 
 255 389 
 210 773 
 88 10 
 268 258 
 283 136 
 144 460 
 437 362 
 315 289 
 160 322 
 126 460 
 101 435 
 364 10 
 298 218 
 123 194 
 50 83 
 694 194 
 618 16 
 114 317 
 148 164 
 684 786 
 279 546 
 668 989 
 669 164 
 561 48 
 340 194 
 524 139 
 474 246 
 667 400 
 704 358 
 175 278 
 613 435 
 380 10 
 383 102 
 376 232 
 669 924 
 93 635 
 484 426 
 564 165 
 238 1162 
 644 242 
 184 278 
 616 221 
 3 327 
 48 326 
 201 26 
 48 165 
 316 278 
 610 48 
 377 423 
 371 12 
 101 194 
 306 1166 
 86 144 
 461 10 
 371 326 
 388 988 
 626 309 
 478 916 
 133 248 
 496 642 
 85 472 
 337 119 
 71 459 
 371 83 
 504 1201 
 148 194 
 12 1170 
 588 326 
 607 1170 
 299 1504 
 289 288 
 585 572 
 431 108 
 141 359 
 136 328 
 521 1009 
 87 263 
 195 435 
 174 328 
 289 164 
 158 987 
 120 561 
 569 232 
 491 1146 
 46 1038 
 370 82 
 652 647 
 658 119 
 340 328 
 344 10 
 340 309 
 40 296 
 292 276 
 458 165 
 123 394 
 316 164 
 278 459 
 120 326 
 422 459 
 64 26 
 120 322 
 507 924 
 196 482 
 451 240 
 433 108 
 508 1196 
 431 366 
 340 221 
 306 987 
 561 588 
 564 435 
 433 276 
 616 561 
 58 326 
 175 1174 
 300 457 
 120 26 
 596 302 
 570 366 
 599 394 
 12 273 
 61 426 
 677 435 
 637 496 
 427 418 
 46 186 
 625 39 
 14 992 
 292 48 
 433 311 
 361 924 
 521 569 
 508 617 
 627 922 
 120 309 
 10 1164 
 621 435 
 70 346 
 85 475 
 529 256 
 251 10 
 609 858 
 359 108 
 101 374 
 479 858 
 93 1174 
 601 460 
 437 435 
 671 232 
 532 1181 
 10 1165 
 431 430 
 12 71 
 259 988 
 170 288 
 31 237 
 468 656 
 194 98 
 669 430 
 206 330 
 38 364 
 677 165 
 602 1299 
 694 165 
 624 221 
 616 175 
 451 362 
 616 309 
 266 717 
 523 987 
 650 26 
 349 62 
 707 327 
 573 460 
 690 737 
 83 48 
 83 88 
 455 263 
 637 208 
 340 165 
 549 366 
 68 726 
 576 426 
 110 71 
 680 765 
 63 28 
 509 661 
 245 194 
 194 48 
 597 330 
 431 322 
 624 461 
 123 288 
 592 394 
 275 1154 
 148 256 
 123 613 
 499 1151 
 554 94 
 526 186 
 633 459 
 524 288 
 126 302 
 561 94 
 667 279 
 121 312 
 511 362 
 655 138 
 310 1169 
 145 12 
 299 1505 
 455 374 
 242 613 
 35 374 
 495 119 
 616 139 
 183 71 
 120 374 
 110 988 
 306 1169 
 539 509 
 477 12 
 505 108 
 329 83 
 462 164 
 109 328 
 408 395 
 371 164 
 581 985 
 324 407 
 637 113 
 9 366 
 564 194 
 93 278 
 368 1502 
 238 1161 
 423 988 
 534 26 
 229 459 
 176 170 
 62 546 
 507 922 
 400 241 
 102 98 
 165 185 
 429 1006 
 128 608 
 668 302 
 324 288 
 148 309 
 297 115 
 570 278 
 560 119 
 120 328 
 590 290 
 393 203 
 506 49 
 356 518 
 546 317 
 120 221 
 616 83 
 52 108 
 581 493 
 289 309 
 93 243 
 204 150 
 2 530 
 668 273 
 23 6 
 222 426 
 130 49 
 48 26 
 396 71 
 138 997 
 242 165 
 322 442 
 329 461 
 637 495 
 597 256 
 38 115 
 290 423 
 93 164 
 19 119 
 405 10 
 521 98 
 271 49 
 24 322 
 524 49 
 176 82 
 374 546 
 580 278 
 574 362 
 398 243 
 257 328 
 454 374 
 0 75 
 588 374 
 121 859 
 697 1011 
 148 165 
 26 48 
 110 1169 
 92 164 
 174 48 
 694 12 
 312 288 
 138 996 
 191 326 
 626 430 
 22 419 
 251 854 
 381 854 
 420 289 
 120 12 
 518 426 
 110 302 
 10 1163 
 58 221 
 228 278 
 367 493 
 275 1153 
 477 221 
 112 320 
 233 10 
 120 288 
 243 139 
 564 430 
 607 1168 
 441 696 
 94 857 
 694 435 
 50 165 
 536 1041 
 329 326 
 672 273 
 521 545 
 668 988 
 347 361 
 141 21 
 521 394 
 292 993 
 76 243 
 144 1169 
 448 256 
 343 366 
 378 261 
 546 48 
 268 635 
 310 989 
 573 625 
 24 26 
 110 273 
 607 302 
 228 435 
 206 256 
 41 317 
 499 241 
 511 240 
 145 435 
 185 435 
 217 440 
 433 853 
 183 987 
 268 495 
 151 460 
 71 244 
 244 150 
 368 119 
 299 1506 
 306 302 
 524 241 
 123 98 
 528 1202 
 428 442 
 433 505 
 292 998 
 590 361 
 661 320 
 199 857 
 100 442 
 184 430 
 672 460 
 125 256 
 147 119 
 125 358 
 60 183 
 660 246 
 170 916 
 101 232 
 389 1375 
 686 206 
 232 291 
 43 1167 
 502 33 
 669 922 
 586 330 
 411 150 
 287 442 
 486 183 
 17 98 
 244 10 
 607 989 
 62 102 
 382 311 
 659 81 
 103 1011 
 193 32 
 433 852 
 101 322 
 564 49 
 691 243 
 175 49 
 553 418 
 433 1183 
 31 401 
 329 164 
 46 1180 
 579 709 
 541 241 
 178 150 
 120 368 
 449 366 
 567 256 
 672 1170 
 291 470 
 183 1170 
 535 99 
 134 246 
 275 1155 
 330 256 
 581 460 
 420 340 
 123 164 
 623 290 
 135 14 
 537 696 
 430 141 
 175 407 
 564 232 
 335 423 
 458 394 
 573 742 
 423 421 
 588 407 
 496 253 
 210 778 
 299 985 
 2 146 
 542 185 
 48 83 
 641 98 
 496 140 
 24 49 
 191 194 
 335 322 
 351 58 
 588 256 
 627 924 
 144 987 
 616 322 
 357 916 
 574 99 
 623 452 
 163 327 
 289 165 
 317 194 
 471 426 
 48 256 
 295 374 
 292 402 
 165 186 
 2 318 
 48 288 
 661 641 
 694 330 
 397 246 
 413 166 
 330 232 
 616 165 
 16 362 
 388 1168 
 130 26 
 384 74 
 185 256 
 516 150 
 347 460 
 448 435 
 614 459 
 388 1166 
 346 288 
 175 322 
 491 10 
 72 278 
 624 165 
 550 248 
 695 120 
 261 646 
 292 108 
 588 328 
 680 279 
 306 71 
 271 241 
 322 243 
 654 64 
 504 648 
 349 101 
 291 986 
 340 330 
 546 151 
 374 696 
 372 442 
 35 461 
 43 989 
 495 10 
 423 1170 
 93 407 
 329 194 
 564 60 
 138 993 
 554 115 
 703 164 
 436 119 
 109 407 
 255 433 
 597 165 
 343 328 
 101 49 
 120 165 
 624 232 
 82 43 
 41 460 
 363 457 
 388 1167 
 310 302 
 396 273 
 82 237 
 388 421 
 367 273 
 486 1034 
 618 138 
 691 358 
 281 185 
 140 320 
 176 43 
 584 48 
 566 322 
 366 124 
 396 987 
 15 924 
 115 1145 
 48 164 
 529 45 
 316 288 
 48 435 
 14 990 
 579 624 
 60 197 
 31 82 
 696 442 
 495 150 
 433 1184 
 319 380 
 15 430 
 494 459 
 334 319 
 523 71 
 93 49 
 185 12 
 550 993 
 225 322 
 444 164 
 396 302 
 579 247 
 49 256 
 431 99 
 92 461 
 64 108 
 561 288 
 93 232 
 138 994 
 441 279 
 160 309 
 581 273 
 151 475 
 573 238 
 544 278 
 283 417 
 694 461 
 330 278 
 340 164 
 66 448 
 607 1169 
 628 16 
 662 26 
 48 461 
 370 43 
 392 232 
 423 273 
 306 273 
 276 315 
 316 407 
 148 461 
 502 636 
 93 1173 
 631 7 
 151 985 
 346 60 
 25 102 
 36 426 
 43 1166 
 564 164 
 624 49 
 151 273 
 672 988 
 486 242 
 87 165 
 356 745 
 257 394 
 486 817 
 309 380 
 341 19 
 544 366 
 158 427 
 361 144 
 148 12 
 101 288 
 571 189 
 49 223 
 671 49 
 579 545 
 650 423 
 616 232 
 252 407 
 16 358 
 164 189 
 668 1169 
 392 26 
 35 223 
 668 1167 
 158 31 
 685 394 
 550 452 
 595 720 
 389 288 
 628 138 
 396 460 
 569 278 
 16 243 
 573 627 
 306 460 
 146 322 
 310 988 
 176 237 
 294 328 
 330 139 
 225 49 
 291 584 
 132 108 
 16 26 
 122 73 
